105515040909981549293565571888664857015936789901032359293210836979566680993192
9802505335726084523344156985176967756297313019725044787284339370002494356749
16701719712063899408232956959587530807736414689953899544980015238013933659350
83043898314915744736646719451294278478970392015207782256830699237345212821719
50526910405396024516838775912962988469399143577875350394226623254581965812678
8692384675418824226632965487789496464920436998565341793358805237941564166836
46461207076486263402126112385718393494152282617805450719905202174612379021093
18421560034456180576716536071816404790654615838555112478643620221361323133019
26092140620486362823794495409275473233985162409167590665942969003804973832960
31361544406834345902324052815597619325159940226505446329888281648766512553560
35923495933483305484469785064281612366980370605856894542786971832373709541372
48786968895709181032492507728234379483022405354077366996909812915653791715420
77583258924491355711496998507435825529666245598100839620802922406985618313591
35869302775701622720121223557402342583706834668800671738371897042796904744838
66993565054220145962306276493076840446655170132159255272537327067159011558522
67170303652681351434319628437345254692157070311496320730037397060486380288676
90121844507339376648344367333246646532354354964092027284939327179842886987527
90350389162625772185610856642717058868652308541780862204955555641701764770907
100029645042913938286557460646868420882920375342327708486206375875503375875053
8411063989650525001697932640958954631490857481078969210663561128827654813727
52462804970225412393916389232522799337623109345330361907820820982724661148508
28790734852664586759921261623588989553962845337565774765259629067577534068448
72457567634183500039841881284092230882255703121804123790800128786927465515878
38785638638612189457358031690210015759084714303859035279005892262569049643532
81114505338028839327832747538968262772948578300319891338116905918488065968819
40376449195946927713726387643645843034983222309757800794284203525096518521437
56941521308551914097421741872012216855881791785555338239253636456557137684449
29835450681940846629243924206904711283909563603680010596229599016479836139041
31309101699583825675115396691048200862097654933378280572854751989385619375819
74194087659265342665088061398451145325286504574798619082233943393450108869636
105356888244254437360758667438827551686480343955693096148465343932797509503533
52607725168361963487345642306766881800084963508470400138982848128651847352445
84969995290387528557846100319326177742722396003849811230436647424926987923132
90203731058221176572270403045944397304094470254605572547991223589254641422252
1178102157806290271615303729096440668054182054685300356213441365385943683047
101059388272595388584482751207535382001455903283997263208170988654374541783895
100753175980991882136333243258179652065238491549815419372835685898835007527677
98503433319644359754296264201778708751313652402091921164633929471262441759379
40163823480072112186778196755016784004202954376572888720867167004927563406776
16128985153987369161658359101339743511273035058254666764725090981798486309041
88166885958144498337716812463893585038462886910188394798253981458293693692837
19614225513385931092495750405767589435000554608858781181848281875786355951960
70888807554880904340057878692388845137005818433175235872633861586580429833503
64781524567240654426600890774316534994399176212443185365479079310038133311929
38693927969027567828196558359432813038132443368132683142988454781510163435927
13982126394379761562557181902866200189962356820153056661956542952055689662478
23054660361817523287084859200367367577627873906527894975939577719150875618220
71040047113475253014945622773558854420865093734227523886348582244020963308322
30005457978799859188033404877394115454180194097362174316220951505478175781607
69728168795913971577475704193293628945652219411200496168389835708749615889352
10792243637143463648062681881036305727210779655677587948793183534831606180104
12259429221144035881365220468194729293577104750319858974364534529982228698361
98415530296023625830944243164599887105414933031276464941394967269640058476164
66096222017412747053132609585377953952155088719858239708264120318172703707146
18976436036705237338628496918570775137328361544472065524769431812247405329213
85662690475363868820916271007629667144741461227888780517414589326646914614689
76507766748446562538999113794474036409885990139197596339582034275595505387069
54510661228772356972681774727051329376406712523953741881464501174075755610689
26825828891706663999832283940116399725648596086723328149121603403274324123051
90982810371652292907364265261480781021651037451416758256374604093838589372593
6037623244119721557488010675349577363376538468700172074072636387126927824642
108423944623922242180604381222304188642259500011363470649053733541601363470050
54658251609304712392143870695266568410037275444387937512176910075223831088968
74335899263760752521375085470258351098589576289452391881885121998661137606468
101382211381225246917517706724955623287014077492570466141040039418208790102338
108213361999153391859885027415608200414168827644571208801204607638322589133407
75271185326555518308282945204820211951892064491766708568063985651256876572871
35382604332921960338019174388358144007820657521737683695460950443026828105323
28294399259971749181228540986374714681465225284544538022826525236600960088034
108351902479420995475020839808706981145439078852897919176742537446501686490572
69654392620143021007689599376223552444763771028704304625702561565938209386603
29542034637043586800165510238732731951948715507123684945383084118326356067450
86975469268787526455680513682481335195971330828920906899910092585058743625819
96232672416420918644571447409914579528156911178354222420539989836582948067224
84053987998177645417221346947040656674998148734364676663724034824235256713985
39920108999180711492120057198074665718228032018603148283750934823008182111397
59086438492436287598613591570712130766656564495013213806090607021100172601195
97947562814667495623137208170471655353321492141758317026349906888903640872055
110427593375743774096470461912008310735916227458882251961471812749813970776168
36109781089487601949891460373161906684939480654945239823732834308067220487311
85577852423389278629945830699456474740638567893086899727085176811050177520717
72482693599947167894475643132548002772568273187676896573480519835862399027094
82397929374051624053582703128617129924886525467548382319607607501667344067478
103208162691939157321485759202447704477453443305113203663997259875631900636965
87462342441770456805137199925536908129976426242421120288332657735107130654409
71268467813237537694229064198652884580612356602500186396665206745575326471746
43967726292871409285874010257841101598559885061288088529964409000647611464030
54532757260779468067523437358075339159847007463780438444901846225620122678225
53356362368808394147298562325765202687194720565441097135158082009405636754931
44606421386039421760613902285844477837788142631891608800712387832858661216734
81004679717047492734329926165786975416836345071202547891544135402063910417327
2894146292507138875935345947887343279881182794499588557156769797789298749556
94468436605296462512221050422435710776280670211416017544744050711445343278223
73671503593454408790943207178601413084470356008878657693537702989954562508588
77272792426367722107459615895241923020260424007865907746226914990432957693107
98429243363337151599214512945888398612973287043477138966065402842920747393339
106705190846416336986241473327289011570653620486579987445145700739075591053256
44043998205447615602683063914417811325099746145732930372381212483032706392574
37830227710626478798028148026733459167770955322554510765544454913693238742858
66689035494541884621904498590125596669448070489395222392487476212188667367021
44914890807434968716447125497877263849676333637659258062537606074511735837645
70086729341049900418530021717319042165756709675696851394592287973848125056453
11949933475257330800436845797530199490940084805437287247606628545896589903247
73769166519085982819490116925957934015499621528432188805617459444466141827752
90661214539941393879767357359629106062517874109409032355278108452107679507365
43498330862261170854729336545671648772833165546550734111364246429809830409759
97207072028992100990893448468235034084389047254252401801629614460292261034159
33475213806594289975377840104645121329730003318985946061402259477814748511616
26586957714453342526281947580410454167101952706197179561523909805426574944999
8418605684162602992979158328464007409383324334833991089431129147479772998100
63935907787527958626585467620490338736945201001957480901086576739700005414323
106625862528602283431315636818440552234849178849739170015502535460318934200452
60106199401630076504897634720465101680352431447116087227840704390106612223590
66065415557656842076293313874673637207730515695005710857464990953432310301273
18764696134101170953276962703810795034617506551522027698865676353585799462652
99309949636029794722584840111814588602787860201120480114985532962334238326129
50588231704538857425650814182037678008619762896823393642536181159458963678237
52796221124579543071210311724925033336048582220879610069173147693188660464601
8488138067111922225177335193628895104405670458004332086043617743767219314906
9343291004968924868304105399539247013707213413600189963796391590677362461556
68385825228465901951547163629795366048884622605461557314599009989139364000628
52065766360870741341717221298519989287120051634208128492000040890655568386208
12648363099621696693336192092057927988108137528338817225238930771901938304232
41018008368434136538215900455516305446944419742535568829538396761074107231921
40782095684283828231434461456274858956363138891500998534657645933296667406458
67892077232476041173176613311397907110126228429606523443165955865340437913755
28648013622475767022651454883369369523524182912699313772348411428673934278064
53896991208661204705211754798625228697426128413746802512268796084565331521915
100835999533793723339456999422267105608948053929349353447293341230614375232431
31586606157163408973405505052237076428951821612149587232619444515843684957953
58493305519231511509423205325505992758996553799101351891242609903711010445263
3229058766013597738130167410579094573553173104315308634993184024434291807364
103467376815426835320219717984138753216056493873585450385230838189011597909826
44779464237348319042789767491878396860882181754307015750284964780918766377058
56456761635502732981726446698758288259315690602413744604707825927095896082264
41990641339277867431888837910371633553277960324406900673666546735956637376880
48051355671907774040260035182700665891020326498777061909581086768577570724653
97946250648573233067978497530479298200221560142739530966309241595186757185444
17360005401353741036612819447616772980050276154051769181243980266655118058439
100098964451049972147120242545784960172797317785598741656637590991692819532477
63434564300046156548417782208632636038468521402761585420274259686501172312121
6031486507397088173057120758284418494982949141454593005248186608152543692315
101035934957774935186047161158858404821291377060313076169482963746140725766884
34448741216445581783326231649149716078530637569425743981902102647671407088898
108518620960321442760106525739776784624855456941123503887482115609563019486594
60525387084815940485712612243060355066079443093550915577763214760575139051104
90482540496685659791318894437032007652041900761545032802768838540501412630545
100045053825181477302858502578942325177767642951434840687849165155754343433024
11963792212270467724880956832307753310113313208725428363237577598267934463154
106251364987663565321099153858374464624510742926690629229877619179019542561220
88285252504536233763492523537016953496624950280633340566655683074149778396247
89028991265243007357941056637364906404229839642349714480144951455767940713256
67974439307584212062803991467095494826365354952574529036106100103169155661831
26528903930786734887968505529071164700862640958974005194796630783766949688278
55958513134705065136812272219803156045825773912902690023885190657246662412365
102100708850739456062749735887293357989536066981312033701603612108389570478848
87273785592938840824905387235882370920534551151163810223911046420686163974676
5819875416748570612866817343087338173087821531296530515951713888432122647514
86148750897181814791886382585393674050433931997157709017253304054786545808196
64314861585551059565393442954220882244092732127964103744741650722856801865147
2106204009729983730658145368440313628858525658801048000315560446529115236878
106381413932887720564207627074276458511981595869787749174342223969548226006386
11097072179420517632592077596326190676487721314050471150383718229671925634892
76250118437188806402843279045948336851014622756945261473677889236992945623596
20455970781114223055940811677293270483358274592036384154642990524988646551644
55156623004258712349895830538348019026562880213316918817321034130614483084479
110082376692038585427568197772695955690409084161545452036888938187488233445290
22371292400521659345620008431162222431091677036618359267880000063661868052002
15835305423870309663411886712538032667615183897112087845059470396332566909170
110383759709796687568553674777118593414494860914769690743014557391817443258800
101675920574082752419236845414168338742490476775831062258694094072198351348151
108071477315731189482146039761353309035589640396667996247890542900720243872419
3554400012669273281130687339279741044278170364663316921694327745884147584968
12642989847466851444724796847343213804458639674542415796092831730270691244604
8792687462054211981120951907026956924682091554153387971707094659848220531210
81433050662762444667969302020632447687844099875108143001125732759946729663031
88517757883042874741337000816491640627974492952870563301025627880347802245243
40494244716125258878033911854009025284159165151895109627918249460896787715762
38846449885487186194043675107199944561210737239306143504711357804469892158160
35955698026831508137727340145671958829870800013031327308224636047478783428755
110722467854012984241406575188300622556948711339499563712727762255663821827436
11818071282217036352517812391324634084878294893390046547709152477154894562154
2282788941178147510719467414962265853808879323640298400019371070788554863329
54200912467151962326635535479421746879692416352885712279704101375996862903545
64691755849592393356561011566554046806544676155609442697669904000325955187600
36831685184316367307553858268266559005783023593606340362328437512786454612272
13834085019308942288408613364552254148217506005427903910505403290521362321192
9235915284080252378284627075554784182085088602953703609984799578692075629330
77061077980608552693104028691838636461582009993531087306977237770572556784271
12815750784587263384844271960633100728737660127073787532536222198788859980843
77933430533509956355121515002084378580712544599809914110681711729149747348740
38360233888968367392278435570254653009463779820572202109987333051508663714176
81670129350669299745917288502100956234020650588236985560943222634368683085031
37386284792178154956416606071476729599606104511252630972621156166048214798964
78141361400669543994130726833206493277846198908984337415842123242752044076980
74135824942181879717627123258273523426505025049015253932244513316661252222553
29166721792315875594020977985068564455340438868949912486547301084677042090312
1746696519596901611841378762029948726471961241380720605529101748568683569973
67856197040834429165741291084780164790388025210643085505067589017185993806928
89350107417500802261998714839812172610304380859275641047319624802009490208431
49647039245696760509780786751125430409223961786912146759188841400571825755179
57694873819796861067313704414200206788675523361230688188333018485890570030162
29321018421123844284568004744607214229550149744506732437372514810367234576985
79100806679005196985853925455010862217393828367156740580198921169286071283144
62615871842136767163608485898457139269861331430029785473708201270147212716239
65222001679950522008269105278853309340089403656876565707409618588793526300965
109745029949446092012680622094224870169117611087349010661570064771632756556015
31784024878856176130374896490831075332536761770573953543283608460007087821797
72853889865243918785516374682451877329750974001245035959234095094525192790863
70882246815975208063350469110561409116101171048143924431516194307767930747115
93016104060721372678214806368776740618358516482383873066518165561292711169844
85549828294287236623089490949030936516820968979641612164031065481748753988667
2075396243457050310901259923769913442018810278170255624645719564658882603438
4472081874196221930542739696567557564337940720399338850679034864855687891550
35784955080284410262602926939828891583014474422246445094642173034992738887058
69164652936654154703634294010052303129693620384747021504387760636732920599041
32202610834093486916123818631280924664334676670071390236756805265816158542128
85368079384172235717549178684283537556689099642714380001858045510696159000553
67172213128857427355906620527796954819890320545393674732210005269484284292534
99620464292228387515097270759085602963360908276190956699911781265997722906659
59204327590778194318802190871801509255508478143109214833509198624694297484252
8332407739794193739732266149145086382444933038420312506059147094393398351942
105630182410694022657850442650024387518610961236744910029524490888298429499969
103322286173133745685099560485467061526631606257212135522508177320133080758693
109694334843085402611906540060732747571209618875311915155995374900181061991828
108477628889521778966386343571402060902493454612922054416429482582647833851999
69043440813564710015945122881052846039608760296670489041752783633207842855793
35889818583268024001821233089128550671311556245649241703921000081311109979499
51324102866252186099893316209925516844414902708498545507881983030032688054506
77379731630253141538743631137046352447264374367598886517249604259988797612888
24967976451678351437065191647652397869796680340119330134466949800314749101008
64989372648374588641235051984726441515939187759059347814158914184919748790157
45796797043481475386756600994999120379044921382686870260591819007332417409870
46860829256775351624396623070503783711831736268321981438327099439198102674568
9322395444265065327424487208905576147238512799460218086101267448057476628281
35320645903320643133917376577277015217594346920358222627485554290768852636626
42362976855484540274727703967453361277324696718554219702914765068348054475920
36943789783602511543398154407123539523063452174757640507959007952769123980469
20697985265992189732395556040682105222982684653631539319739490002365987380415
86133066232739020208298042830519888762309943062238543525227227778790312357394
72843686294289489659068639779187140893730399161125126980824726611418649945472
49065738844671498539658969680405364552530723300231614384300413378349209510108
11875681092598149822533668153133535265930523457442519159764886449244946135194
42713069981037616277743074308780878425071854885424647554868100608206973850848
63615803897792948949356533031991088026752690031886433768616079089782426017162
92181048733718342035007711933840624708033589478170001564355982512154975093302
49949423772830716765460381947292123960005183267705336611935213197037483087463
55026837373287048038850738214230240125360399487132322594049770464503404230439
89615158826846274866114755515787580987142258973586107516326623331276911998436
17062422874067488411396901785032856401120758166995408686348614475725099537683
