620593822976231866969651490279267030199394257252533078289740461926619820812437
1058940938614837564966748537731521916932421397657488320556195416316261858721497
713099210466922022918859544260376482939369642114714997289502221836052785374745
8016734173834356900211274423258242288706610721340503015137235407516259119155
527007365873315784314480932236126674930931349952980929646616083290151108185984
700968712961044758012754524363584017247774290806594364780249160597614196459558
664263048806851422997050357856745718234201303013398479455919726862225676410252
248709032544884240809212040371271346806060649038141455434347839429026877843408
624575183975819973694918149343957718802807233503584700923167533485969790612302
545549264461257161756867025447086371902290176324384382998603935823977978064122
864869822030680725524328088286774373057770676395845014718940655297582965787909
93259920524035426286377881606610763028131367610167506950691065891383967146435
358317918337617450892524591577463160811579695025134333205887164120115682848464
950333846301779875426100761949044120166892955952069095543107921077044987456683
883989801254692294572488772677367685034645565149936639050720211938239132405603
