3
1089232570566083414009498990705463440127826264830292321160525769233064317812157

839767380795534715968200014005394473565907827455010699422967939121440839766967
870059012746780565010950466979335996761312694627814700027298292038243298857627

682615880883948090504902441110164867740987796909996422118084443729919936434905
18352832077096667507852083253419149506786493896597942662164716867694260024653

479064871277358075905352984946692568042951022003006260834815860594483466467172
385804950753322649618975103340081805014819654392838753884124794703099499320737

