100
91011714832961503877668444234130128629336283230308506191450105625478719366981

58979378535821944702475337301815144464572396959865763742224228249583077295151
30439844762291380187439113487618025195656915558142180833658106012880188592943

38881496932788623053393223927243891327610429881773778405662692678209125576267
81055716455384194651629984397026607440645843234724663725543091488034330812745

63392562701474814549417283337172990045357620527769635946846380037859979982711
75552866361128753991075852797913588239846567376627162967289645034498923544066

15025783575868098524218606158077485389318558445709735597687125109370517463509
85404816644525895345143368921995111491073763356207423768747573592777052377982

12935488293146481742528101025559871673795315587927153129746358956387956653891
9999832217339597151836784324804928498462900185742673776075247385008585250013

22494289606205060932274966840679658002865059783373730539828093207249302577887
76606827089379492063470924295129687400136929990833235834453905441953648336528

23803037603660809937578414214770035110768923139629645316609722603001563648896
10580980419935510734289684729756213166501065158916804555848469738351599333451

83171165216452855732629928805213815958120357028304489194870165381457492092707
66516481164672688960516206651777175621066839860431072448717726360906429125287

87645409069111017950622152218554971869485578071538796177299243922430537307899
1024300504410724391670030424177017784339446291610459305376704223021187904057

23830800479730597374697940205636239797965336010083324666358400555047592916414
60066747361640840768097626434625914779526882995046648275493217549993444675720

3283829268531874132832554817476716876139437113750907189010217893450471347737
45440132466180733737396951929684781743664345845314399843369403171728577272119

61550374163636053459598570597372503150079565199046479606838808702096280004736
80160274044158451572447342257708056004338676803681847018254946826764489991590

53579102957603704700119550198445100076240091107423963613822789891291541081667
85371278055013359266119270872850895504297631831483990198927685571321189291187

12513266324648163621441989315357332419883675214616923163969548568614518946761
14421676612621250826285817175657035258078324176382955598298880346275864296873

61355143615407377115028002627548186585714438934610763856546615414441017848169
43068225549740717461815390906929912194225958358286581548030515078721861921026

5914418208375741177132063194946658347893239722401749778559402635021116124175
4563781893836253746124312017543915133264506294750913777747420687980500226927

10589041626866158590955976478049612225990697093105568473884682591485033437649
37724362306157298176895096491991969479338323482360913350888741623925881084631

2295952825688776832165285657587299233879230874545876758651959838962245117800
6460249916173725684455594560715349747174534851755547497001325364974854032811

85904369718394794547727526997188383442204226820304761201833149114895955426665
35407292283488049952874814457959316468514621526085846904495100746726053035155

33080354093862623273750542768630604414294387851476584314135289355539065736309
12823488566848351513244897937510740595235317192874548974637098747876018209407

80884290378057572928860627477592557424863485901891432841472739387402101015312
26251098089208637559886983486540633775709040211564824562977314908516977664046

60045698864639671681823683683569460566667949952515058073494239179031939916652
58097918490180835106982051986808111508158927154531767349555049634709701942050

60206821029628844705663459049023640813234236446765876029853337346003888439291
51877348638242198680027367895692176866889958538423534434044058561594922720554

7270583002657739046373940201486138410418651754270502724598596420208277127487
60075723324970219772268471463121512482110438084838102912751043765015399029354

20693950413886771522478227906436686438580558965409050973508810373196580978852
5413339054898779545814904353169246928374750849869869826451744359088914431394

61636498467179946757591501993803323479189071375981287301117583555259149389654
80365157749436465287098494662731902760274994726718972816555020054320085883406

54626411792671724717473265823285046678175328365435003527597530281945853519426
50033182357840051185180520058078411357376954532705492451660291097062839922462

45625249027630541419338043409472964149559688344114524462361073002722726568731
18696581795813508090583787115119470183524674010500700531226504438749810868773

14860995387475038021630602298458230692435664611869306778097399901879794733779
60098064584978812068893393167652256174123106480966605539081730286874969703375

49808532571576943334238035187161887461290632147943596169227666858711207843901
28044214182349318514611971252463216049843968177405744150253224070314316005396

88360261292842219605453958983692509146334910875234815927352981999626440355322
64025615516388418555170835438029363577006425363383383345790580055584986655177

47999304881340725153088011136468263762215438526790019899969454071171784996492
57470863627658219911993025840663912391201699727422884127540377629241955552804

21493026325452998737274036934325589307653170066147717622583055935623009131848
14027847387900708829245473927477282569787709502784726520965598875244126485642

35809021771437456215252764565361535822703759533321019867226994895673656555205
19456644401260280037847570739012190577310753333368928015560124467005667548478

43596185281929281487926523563404882130324271578848172307886650756092835362570
58396383108718105993643224434485307133709159037731732215255128454295162356684

9040059674703901771267910532271069525072038319383996236791923254139471520154
38856685993119300437196862380769620926897459139053916216838611052997313619862

53048026116389115382501578506869724426654041044661201800955156736955907320094
50963676591172197828882885818256327891100098240048327532498847262613326768143

77195118214779107754343398920355511903329708252315282080282281724809174398796
39810640550270811396262103897613883614556065167578108100428922191587170411950

53592457539112088680453104934249054460412488998328933307280702885717257244812
24958525476823385819074397385994879717542014940695140457874424227406553817884

62322732679657473097927529455214381057412615548237202721273302437148704255607
56520732082603551794069439524150862073756023265817439880094166474568759673717

26300428634633328461140069950238453066215278361601987481812290703398725597649
60242170825757358087358397441635471230008535184872762748393696185947784636715

41140458217022681978760370259450777777856594941511376231512167421897185065914
50483581980540399734296543845787846175496775084519743494925526272508138487100

77621540061841860447838497092896400392654636252344498960957983978943572983423
33851030822284144819613022583395373398236518425741204060730455326056137949956

35779769461856206467253333157784058169971092394769568604206866399242978462367
56990837873423157534135733774574527090095461285105969609260328581701662643818

69312849378496931453703669031483361913946164187777502871601145266671679380293
85326258016126507514622073726209042211096258325221354881361238541210333421803

62730511776452647624436040568700383698477628965318932126424833087611638135551
36865897336394331005466822351251011616239161617937500779705378986700586983318

26212930690086351226795350301783827207201715422394852019671108470161823114080
15785001242052829180365890992642550345783349851552767458403223119763274309425

83238238586747100778145328255671545980358237487386685852335192461785191300332
83670363292291466546472965119643397278577497358891020313495509771571595728020

46522239255560665169005926066222425436549409566911972671609973736791465211051
44604326840998012697074321099508515122161158966051307580670762644523062099893

3945862971883895963368096712302103733352024647212859980438136847420098140731
33790485088455373576564615557076330048002000245154013208483342747861334742684

72599509568229057255803373230291885903997770420562094601252234755053194221643
38129502266311388704609798497394011537534497635984206209950352702738738506757

19623307327830789635084770325394938103185094004860701951421431637969207470164
88153962529053132755775628130472878856156849725384021250035922268082207446632

75282279912545871026486774416688689604828882814306239678968586213382571638870
53349199371408301038264260934080018970366600802319613810184652229058909900855

28502904087726578094854015558346590511612778378625935618072188465449391073465
35017276414898605879959608413389073621818810087234165967664292342924927988772

2326867678519678912024806826418814632284672417191614443392992180510880722178
10404963569413648670192773955970503268988342943315359250788793787240593923304

75584923921963017787585081308765398884026388636348755046609555342415809847596
88420976017813924413668860003739422469780363370123142663947407833305242356799

5917062956803410062571281760018460988068696110479541269454806327702788020103
11291641146181223265079561120390928867913884438178102210478030941097050399689

52636556065701767895416971094290926397889626779864819172834622243873984165431
5807097821360470078952869402329800505943928927403984559215648467178704542368

62886775836310877133943482449135954551088944220034365773208234847804317468800
50994198851304564761330935996437158684188247516231915592212947804051962788855

2112370204583318470428525986145767270495974345234913357863216388705042483526
68133936716996629081989222159003539867442621958979902101187373264092377139303

79608727703352844233764688496166239115320485694747351923934833166161814276746
66904143469548396186909306395811296252000952905996023563879284711050208770885

46501152914407201100955607319771142778318175300869052931084049313007301110690
13605194560352481137607767143329040742831353514594416019865437917393447520355

90517120863049509941175684207971868912286853564132160235691231198246444670691
1255285991780794910318539152402600910394472629974294027760051192651743493604

19750087744590514910239050317562008114598376472875379905605254784931943192464
642367927279635899050064429095030075487365600981879206596237931271144562398

7056653071722988245606820043593540525769167758514131376022725414127822860228
34243087446662550727585635704023487787479202321506245701289717192763019716893

85654080601969728336419242812977867545334980429001391562873457257885702665524
63407195058269867177980438921860975402717074674589208445596754942757807996670

17247453285877451324529574219739713871422088562439521771410456463304875898612
76208409698732002414762086237506117481559113454322972249388683564457821574533

35210212505819021755096083776876732498989365358130748712475086668609043182739
29303093417242691178055222663179677258599235005924125995018679334335379787090

23796790816116666931069273134668705108465945745967766511406822282276481242235
79497887880594954172516259854945311194409861608266042060317087889441013848335

17272798413601457587896236640732459884949336482661868464885294221964587258923
89800180675794103816960081640377219273571854340805809866902641389420083876603

4318438454998415864115446361034637679467821312407935371970578021946018499639
636404033985163175949000141878580018830921452031641271462521698654197281587

62088561507991028818871312423291651040225256978081888323504223637934006765510
53512453104625978539192404556159668978278164639246427960666437190362364151742

67347894045594885588119532445220434559503675964409990018171258944554243250382
15871386372112591654973771064521937387210594031275487291067112991151665001687

83156860143576673911454983849054806025949301968510692960781183766898818771703
4663034578845000425956955021331413805294634519613173548757321686404797143632

80342799709124336596218749938832179143833532798748877233347517615316506417277
34050944250317090668005815403583450041979159955266742338952929978927061881095

28681041500613947407142009046576811548473534081368353718984846471631554537967
26486445409732623245904441583919583348148247059963088774085767240126170281084

38283503855662828820536447566794744267075470240285181735403469928972266603692
52584655062459189600231749968338711283115348254742624688163840455794900321308

14527357406895450863640863156074449814738267516068148034000493630210350185713
76799516213839098491464779015304089422140673208558978007708362657187104377618

61301108444215431162874127476174475772493755236983384609763911331184085010352
72181563150597214592825232304912880399474936416880721906772327961867703680719

57596695693795630007004856137034131605395024969375979269297288809880205818997
77276422968303555770058206180812471607762875771449617206485362456138179043765

66212521801904078152265131068228726401302333533512308530392734653772768947587
15774714536110406401009608275239963769554519214607873288515091738949345731221

44800423294099307908870040823595449095970475421668162720013750976361695547991
43837947691662814345993304677508563714334298847492409354676287013212601267544

26618780471903430249790506805412573713060334204778257555978668679974592256750
90420909549617493808374741704899347830333918297035786415390226888437228001374

89417882327744744585598434154792638933313942362986237083875806896634462084626
73444455250368112731500954584004715051681221953562887979809910708619038349341

55444538400223938576851557148077254064152924442466295752467078505085584157943
36027354869841464738467769743151526796030400408634228872870426247308797808384

72801531209098670076519388630513246016610348457722627141647348241179759809018
69800748486288807705688983471700397567116009297249403398637501407518145341542

9666294199952287257454198745905094597074786219131866508188616160622675670336
1997619681251255178169115093528140332697318986803936064442875577986225177784

44275247444100448825798919074449638822468324144207116868535136999210625960601
9487649966719401886840489762728543042982147908737116980912019653013808482447

8920549338141442446732013512827005310006197199756696779111639603947303093287
39895291063219296604403521258820517271026627343674579444532972732566558146858

452944610963057016797405760951178821373828951143952741140937869913621429532
16910076171335660028970379858673221497182240906466146459855374585435541109116

48357360376731798671091192273646237208525329196179820183014402908316165201545
5392001724049705773184952651276061932471731571817219098849016438722606076836

6933553837049339044931275813739891481888019212592347255813178906022154811014
73228415790948658744370240768146267419374488569491556341347544093683818847521

39473784396509709694002007485949802118689634981011458085320156344773876474371
54431732117861772226610933688180579585329404755092160402674672043821752104048

79753284202847040885624717105144763882636183835657774057876472303368777380505
6356067952989545757608092669636244726121498025932737351023287866086672145749

79611920975469593640110729847362631426584921033639257736807468043936752047963
77721974881350980080922285709200651626476120122374677661528737441484730150563

17847802878864125783051766885894581564767608779791328249069026284724988039028
81007719769807430102824606489435251023010641755318865069533831702518899625552

41153771551273518417372043708748983381542891352770926802371105271347036353581
50442372467862866284728144476724983444174708770958457463965005935032826697815

23175354835522696858197872766353917453018002567605125777676538994812910762860
66948973866022735443196231183179696897070120661409955204105173501564419618838

23196759169287766996849897258356087621816009536855773618511872946510825774465
9349612640563033980080550301954829081805406820328414556381266280657719122679

48449518620953679781045165821892176027424169608754476218378819308119564232366
42868301506498415956935796559575327868724321054357518815327432101319671370925

