50
111100755434153116440789235529778173039311671362995297758121811671060755157223

2108395405777258688060246672031825866461215778881053161186682339254210096359
103406645504204290605505325216633031149475574122151306132024154640312470896833

83127173593029102034774156701643031499192195489683045135692909541807349172576
36665966516542838632648044315924638005039912871877594415787707367194970151483

42355232414596243258481146396257995925001387979967130769848392374013750628396
104669018953040178666777874197801789481290653988885061531060391129420714070199

23095696362933805820937380120406864092599876956296525128427456284634256059490
44074607289747545613382248316938390599557193355199795601609940775852124229186

40626769911444999576918825428055894445792977341448068336540225025151097608478
11836035058780412816997563804466904891830132003882293571280595957573563540030

48658985252249420905574064757829029945432507047656569516768919990826828102943
102818219377850623248941558415594986128862386625096529035637095205330445575717

78982306706308200424052154872797216743282653732081748143724096030724678427989
26374581537946236936706512566030334943197690223611348004741247902072831075544

100906282126793635360407997232857517033347197416906341290503337276604774655786
153106145801753224074753974677864968108705867090921917667651377769767128109

109440933452841772935500899199719673756387556441021236869112037502570402401010
89826707939455841843005148793952084321387001832162455687263755626784046449050

18518393378098642424821020551616783883795115363340475818948060335603282640349
106564488450434235578525396881027589345478912819807878601130294287513162179352

67076214146220307985108568939504604030049777884496372340639764867937295017844
54816784925076272103743348471309874736472673134176513366275230337955066319483

81085228611905215679957692401051851777313725683543188428498311801121210000879
4577461863458653140958578606577815367427735544345592088916277525525704613810

57230783934020981869046195948826883002818019240031821361563184964364145647346
59907594744251856129231050256300867399870190591663648470631263093823537334519

91742273662854455084083986310214206183030446068168958684634296644789732853139
16471088336298936775801041105393994231138381576402250116570310993532856280268

105148591345669862124322172572367228718012078949411643664603728677662660305638
75606556708626275324156662333634496766063363442287958719220644559336304238188

49503273745808499545366824384393398242442298256808181044920770922054177356296
101517590687525328387542468343459440515097405124790264996951975572014759912324

23479895294591665041816119151113152236947584858884249271221942487925910695294
62097957128797613588129711548343322503690983034202650455863234323124266825423

57618097053054473490051537228246993089586120831894137463314807873111468967888
13650370760183064204177526970405891491026235770606048933350398872463857503858

97499790721853874025527253821726245868014599614348717103411358435456982162053
94605644429346735149591907873838902588133416819849128546254588637667683412497

47016839387800186072333375371699618572157618083530914326544645955467791644686
51412403975536965526881137574188780040815668959946224639520756887452955748653

57500810074242434567488573607598153007716521656678054728564947024179930447049
98514836167345650589747787420057283881271483343976501092094470721392560547819

70352701445626635922811392506953341428611106400401567956496930445051045721959
84246384850787651372707179568496480383533730509144463912989127655819539845023

29730507440988562808555934454576358966241354244350676579233650264479092228776
34205400346539395818029533165913979770703846757606804321852926475220913185547

74949090670284326074117827146926133305703811548971936878760857060896601002183
24360858965745468648467012964888455297084048652148543236224675901437637323946

60225795794668321646632192464157677668002337119834842903299525439897466193418
8160029433797580304914971165637688380882285485626714411299484549241897807210

103820423144552462318308651862272724836481041352650567486818089482537563674521
75172409522076695295657196978903355312956858439951253714469678053863629396457

86411559859699112844171304132931630185930699133205979142178802799603028704925
83182501093685515106041136722352535612377526028890670507185618775168736897561

100571376222669378956469054311425236241804979093089630170684722587797481629378
52520020550761604916209019128724570350784652594312568261103635819219910904725

34733025403721622360737451483458527266725735272108089212761223147326858002218
28701538896324534187680330725174108771742786130653496207513036539174314309903

19953586073674241918121135575157094839404836246050325311205120815007898262213
40571801011141698567591476667903260226674606847500590266558093945567240788891

33106744167813062340322172322301843430771559279993878644339411429428481976140
55178508336723171423170351214715110065853391000639461922316271644721296420107

94687247221839148443827561561587864455035309066237921962757329264537867226762
7413461628900307618922174325705493534500757915074111738846282843851703252086

54243808971308852147432886221358386070420060764294398587328892208038670621632
58963150472574248024014494676860100597750136257501947171108479909551199772469

27069122131072090668337396390632900838830146505933536548044080323520980686273
28087500873186621681558434147715118187732733707383382269276953807093502398206

104873698944906970950691442587760823889040058586249529253292318486459297610285
107902977063328897909334638356185687892762089552576830763523587256799808895089

84975404272902659704653151418562044157909296413989353151075680320147265954137
107558401824012901404105386131848576569246474824114087608171864110860218866117

61270269568115010296962193789812628320913503116444805130218457366409358194795
49452198285897973944444381398487994236035208223054758582509304889254463632641

25332885101812654797981235816409406577000264799517122136416920401653908466732
11498800082503712509572622451857152428782758794089218225911517111132546145540

58146832211239161873699975286169515795088162210191058110334522390329205531458
19786598322270794481421539715914862785624382389618856000347189338820541817282

107201651084325435876218668386560130460578567640480232088456813036199524735044
78034929292009560282197690401491566005238128771530319601909511951522482644732

109221334249823369008941863347551905118605578255569066352821835778761575471282
51526460430026507941628158933351698329930054894338378164488817292871005441120

87483515814698307010474863686539089754603507372112788184489841680213141428490
88839241299405331438583477122092392624797567647759075281041588579641140029698

33732588460427746430257530894014752047933907049515093736213709685990355000644
59283515600293626247957275474761988570424609432868779330304455875302356169200

106234009602450379030273674085555700416669984208906854749633188786804917149196
74031398768356892114149855454274775752335307538835464512876383520988758607068

33768367665286194029267228510473297818976705590764763669784172859543847918097
25435959925492000289534962361328211436531772552344451163725025765150449566155

88760534851543244491165733226227453471051107454796271729091133107927838353896
19717094037978534475220610345174607431442347158125782687338349474719995498103

100529052267103028259544739581078506212523769731086987853373837828147626524194
35539679618728439618309687596352064696584581972027640039214923643227877734037

38841811379402591704322540272365188247459521819456221165200159679558453556273
107579589958071167870384071834690000009446496463897299220407206282271154237576

60954712569480494099363804729796252723130561230678370682562569994883929727790
11888973724808995559704835049390888170599837930446756298262156616534720217682

15514858536197971179839429175677287814363550691440020209084692019065851511771
76666190197520370855168282758163336893670038786729981355271290493089123581531

