7270887132258035218742395496922252663624417357748144017926214361469544038214574469636783748226223648253335156969532808499238724839359470974263772066385420
8360733537615364816209834337541349040075639165289859792186816292151492140344874109901899138924521332078117294164184195869372440687172981188292256751246871
6998650406644637359943796369606511256524739150102589345605505124801575900211513403385950532891401850929605813894527937490290510518701998536418014931355549
8647268625292611581351833690193934828990929237425955798666126681434080306299734306853522841724395910274907041023482931156790654629680858185019251353418631
7801810032995382539387571345434520768571971209555044325980228929357668603037898302503106409438810984461103171432947911544075941159321365985597298929465723
962177803461839472935398846210416631875451960796923502673839789893749620346137607386244062522912979803263669226919060169744618658203940503333566028103136
6365083207848583005351433311746355696461920262668635423670682024932923383197480973939373669408017480933324841410298801198571279906209145137470972744118486
2056335571303416866583792398846856653654285162993087397679647644485489080299908773853106714620477746263651319809117936836686855702115290814476216864135467
1636122593295945279151182441607864027166696540915017860134898003145786847314186181104639772014411773236591713403943656204440700427739316169786678709089914
8385493697205901242345357283137766842786448155767443975641304412056340601861242527743346030180956290921309319725046749688039563458992335591176984521961982
1021436254208583299334286795444371859145654121673653255646586535842239895585359844063328408771138492330246461615076192783783247345859666525208824339913355
2200793666580318204194083894935366885413063911385455254301016019634752051402227512192520870719624166226054725771151261405599838662492060270059658904640196
9275403084287797802430416724343369078869466946660922081853543661271671597969999309145941790169730713513183317105447553239947433298527683344226382496612163
298763303234860418185434341954963109279427179942614075202640311600305830495210159465146334149704782763664622126011406401426054844792240657182679185220908
3912970340313604022620188184978380606730827561446440426486273250539271915665427678731661526387565792817291963324004207311726837685418537862537611374268111
2964247224104045013983087548657778064184157426684526867573693261614603091433595794713810157285924757702573518494004231333306626656111331448023413065264532
101630902957331765657416242191066200959846837654435022114111051927104196286831862312874615251998160421189087140824194937689341560767500679894141273068793
8178775700438030132209413489692977648363364896048273691490808029658754675243681726454890145231324322651286991123431599645835417639598859301912405671246566
7160836505392856707045914778328829379112809941727359786570746759635529214125008350857289186928133385049572478982328396252230443029364771199961900990842748
3242141712859563881071743657005316531746088712024303323917273506867123720304009885713039779436228454125742678845256568364332064806423970510011448537732068
9230495681033235449094641181661940312754908845487905659346198530544902879745908754971461222771848050865628979291511691366941076461988437962412784705055851
7784209562413860367268682420049463952400720299828759035071862560198860966334327391429244295347944587513941671084302923700552429779195622120335209967335305
9196197757658522700738701467778951852056851241523390466870740001384124321453659680473264072440325593063335490523135366165538837026015535222419567763372972
174077292921674065719618562376003683927810255518986094405473294725512817468346196486447512953623046403613916341100910184124765909503949297895236063994093
6991855465894817957023227387861841311885956478378493953475120294721958884319794623186810984434390885461252630439222762680709733181984246798546447641553858
1295214723170158300850553545014169214071650403252221068027086765344951628231758840706375741601732257867752451460523589496959194119778413324767090172502314
8021729381662592141809394602751499938411212339626278272922694554086801396873414450959278771994616044737092348832625759959696163542681300418687947619093873
7456115263124630433296986819398653965405889408468720271861382790989659297727858611161805765831586526142070734262084705593392290382894972542270300760927428
6120246841931748251892021879070123305356168734053916797690589036418367686992297287769658221371023651915952284965885189515449046020733238441135598246554018
4834210653642904360223220140546519058556222272442486951540981776230785246977676538893778287356183777505544200652210533218409944487941462157749399543516129
5207408643367309120848189223851629647110539438690910918676455735664420323254590786781889457800889598534500416433021299039048471985345834028605464683788381
8717072170891007025824793686804486964387689795468758181581138976259299117958607741319094562964796258835555883959636452239081656676517171622862560789252317
4878281160714406092957427493783812479656325373963486820655876071433098719333427518227888972590408066197901837861936579402002107014972970179252393137811762
4743447555222102966204730292710729589002878946606763621533533384571517975905789713161775671567570466295094553948410816728242118997915882713048736120308078
526396038319365194008405795202811826364073006425480234099944305905623610290961151397461953400587105863483502298584030495313188670374797403088796438719640
9144657251596584301382760560455418394096893822912581230258585440361831495764958043288926220012461864388019701382434923671650346471454063230973112038759885
4961250608416553033552342417279523476531089362414999993814793210352756456332404015861387284815197931287856011215463095666254948643309962027967144411126243
7150317056222130371009884545727962718047438641567061644656119105626002872492679554296269763632132102445461773704032514854057286763580831599174472866285680
954338165726289847993609642697458218407565706505871113680306804557859938525161602789198652713251364299555678278861856963012459274005245268824656825019120
164946197588655177595306770457230751197724931881330667493076387747039968476333916615709652589789257810630744888634131725639100777501386390868631555005154
5478315484334298248398933724822173152462263435535091100576284250325869269758407315910830423637476835758055272040751278757064483206467769724777436887012142
3031257864474130299150363819840515423936481831293879531397862635137552288354897154877452484600677883147905125144929808191290502857390610386748976878616212
4707120818780034484176857356897840555192018579683880480076242800699411410296552199006871735521514872432148673877813401987293601879723037984800232934704005
8247829304615474833134812844944839584134598468918346149506887954597023433464094692709526082478895447390657775259337363215346471976052647375179467175905609
2639744557979276828324852801931545737920589144466396642437181765737923767868024243599591256090568618671090755488137738686771759213119882086185852772615258
2116804388295531329714030629167884303468668405161846428221137488955382310231217073821118511613635607409324706810652825744351396409827672743126254898524855
7882697585235967064376179039990371222737706532446849247346962333277713236122305300210806035039692714925742204906352639958793318994072562229798305881629340
929832950252913047104171081752327828884638213106201825764974326152371614488946702717496404754268079079844856663566918787281814462321015906308441217260574
5693714905156116501070977620041908334060883664553168667450737908590642099904606254873456901894276122234220350267092208254113760817522434834958180328371891
7169410038934178980218563585226635685305446761484864104611448114889597819399653820471738003382567113278333565580362613604371423388051979526619238502509380
3880705449652771714053441970976295098707077271556416805735313219602702782182558631598401568809888586137589905243995794930828735584161053235958056223537881
1825222690338846871184072913687935340503574255329146282809706405909512458967838696758451720383455509874785514190340175572313623220136838623268100791768003
5112943862364054907128985811298376617574179816844416268948728564674220380485109246811623449302620365679913911066341840365974883754384641551413624415707674
2091532534683036053954223187306876278541218378036751966449943316926117681634495017295785549492487262259787593321797244016062550610509657956806006758509808
6534196659480182097537002982729192757873749849961088044689162342219359530427976950791855201357887260819210034071266459811808543611302082687552430653098624
8048692449135352384204715805139637935333737724069782359083268585252720142158345860812783860635430626619593180523023879702392855351374864030286719969502656
1923951171217163472919507951632224456384400111078880789166101935787059396681564638802437114421672715696769784057799706326822584969187500092343568837273824
2466476405955362622293864803129767408156573731123201822947382027345600658605490693228616049703532902980476381004967552184237325578912567630580837349027235
7846071502047579053315978412013944860916730654365909290266577590243845241612885821856503779671447854873626206748037522069304416964070123991823958686029471
3608888642676687707803492584450060395627081293546658456400404923624428579679960658905062118405262845067535473002003850124999844457291941653600875129650850
1799868271924314718561947826641292806896353135621268320201313932040643336765572242204238834806472264624174667976438020869516720519116991031931874976507276
5819587430963443257632507203752811409133155535183951011988285397638272455691023026342476504471717532207586538755162726138202249814886975001459541926057439
415300051993003185085379321105354520494952650926220238032320549024709473715183197203483414641737356152831428350577445543712495336032307180528902971209532
3789735182260629808899940825203716093769130943988273383654040065193204919245122159075863214522994950059803446436723179438264848608009707952525271960406729
8098772603769814711523946318369849381386883982575435604291743974270218957839490584972999459358783836765031714629568651517163568440620275939596445980743498
7110450060945436809424540605994022846183562465086897578528556864699892448627978871760098455269215282403863131982419584995102720747537449349549317952424572
246934528391706007795529940265223389892927114724664827883127100601126585528132693761334749821198955984368763026365487687803881239832524307654421345187552
6002211768023296362573879759891840805458751158971699958658723755588443100798590491930344176177261791787262625401989491719199156817461207866590210846838966
4393329166419074077180127891012039485764724401826863795420259325822310722243369033801806815933639902955559969978852369471986553715573376429527149285357588
2611225637730402148778587901177208740232969986801551515934414034387559342492974058631643196204298720827855402268903614537813963910570395381333690972337359
7789180335172631173608418246671685777645959379980876816987736830513949662276623959706143261114667587230819701339926251227076346845700218537903673537201490
852368052670698664529755231334832327726362322960193339830352724094514168021969958985829352338279245565450188433986516391990639084094085894365648726981110
8631060159803240781366889174604999475154275215379510525594411267137714074619193406139663981364915015856561106088463640283400610756726253440289421095054469
5553687407942968755900704016161445280190440159909482296814169701579932073191126677020135076926863605676783294589886355614982207359126677281136447481082755
4570302525863391063355373446605854791910416508289869931809177562673914362883309079377702093438681578715824516669031693959945933954484317312981018770074538
2256437372029110296677132618020476646190220247717858452122167664921992298597803597083301815927457153884206046918527550143932935895226025465712233794768068
4023502035451202193100286190564826259890500516080735386215424784083921182187001271684688984267681262495380363674245870282915860296943839789851945343409839
4122721066801538455266539174164254566043468842093903328628490051107372622482535223797581691666460174358752919872014155966287016223008676786955605699808493
5369768663846206538442313199672011660861965595595113622304372979634972276043023208915038143847562287959181786063002547517135328252263332711058560191736278
3001879049579545078571297131553542817361140951085197513253165634133668479710665698000877580923962318775104356576982386797572390018226852678830973438754546
2150847526320933560744014852284078631412002875495824306148881848484572044124076096670900088051856104009329701313904993199995434054377612557845745407238688
3789708034532089076735078483395241322785253498108195102759945566116744382874716047087875162673897111917359321092836876493456677050285324029225525749378563
2150126660888756130984948288475315826140003827929969932504848831991393099028721362237539966802921214206200390404974056271412621708132318848206306112371381
1375926632059648040320198656086794514630404000514889479314476751349245333718963278729925160459066144657476411538372152116292361715051805990129476045030774
7339862275756877857152341987566724131637843549379896999054536259225807993033523809981168383366328268405004909771021892083364980393558222767439960930957832
5346082939281718432384432856461043846583271917622408445430067604530293615360136763415956669083561367630421446189075116340742442375518655803911829345113210
1530429915765085291937646576433466523531768306054618139045614139639674044293965271484031024497819807844880246276574396277670897228468458653688930646731887
4149205464487284000827427319124759829003958829616149921121038101798918947601189841111232302608860409625460277818926317780760051381108204536865122125296249
5347421669682793700535813012316160130450467146037190794230115684514126533320290022119673002811807506394749312498374524371586264191493194494190265313215624
8849308641239494447957427748062523606112177130176132934141318518274755883227509781366310999611768523615635293888641028897148281868590340987363455472013098
7799238963139823724877514219200389681234594773281404397967915283287811568750185335472155978286281907906797932637373678526921394989129545385211787755237584
7471020475561818028789711669508146822362138319394687400631916190046002566984036282852001457531284207322718271047569096652924856920898362562932407038106247
8231488714264922023212454226387607608848811569608920091988942932356172083263833009413721198534379275251748237995278095890450413261213413213171306674317881
734686282437758408555692366254080803346895316749977545655587309862599153826082151078328096271868358568263290083487633649551374777316223229402222689859075
1593661768473436420843205726314143985536720061708458939582614671590803638732399568359247031497464827600130268910168828868565621438984821122391018567543778
7999120745784176948076892276748491838344709586224479574420631518402730742099602828591290749263108536574386894034342594247882933556916785556791753323856497
6065914147974930198541340450354151110712543830823570529647096029324071170523594598519148395674650929441709634700044357717087875778737992321713537845103679
1476428265420096718767505279884317452630406439536287944290453429564073069258004562884175824719943096251969377752090437544746199762922789116813212377189176
93207766559363813138912072588289833660751922080324641880821789980315698828377046679219210489182164892274590875691550904584826901091288982670218814467085
7551968289558124414229689221526643504987358425095949059732595950361196672079185598065471418830760797138032342791889701793333909282084449773771535552078638
263069179516589922168684219511914569727233460014555867948654804209704821735667659454779043170626781423830944180802262874809429191600757770933331419037741
8369444650457075465350962892054877685850883316049776842113919847310790941796232535868199937697079751716117689786315969965843709205467707200676853132039517
2443126151166330228723029327201565812504339267254842022609136920345733386947929469823373087933564052845202667700932874997078975160891093814143623281507427
2314207005474186096625138122673882315959065124552246041662067276189581125191515926490007872096468173919467264058358405527345445780552498728649665668817554
2781502785534973918329888565043399419369916724587917711920066338947044135153432163560204476340329123165917739618257016491090273602044307666192206994582759
8487706687457643245815083914516662606447869422870708520118845515786583834609980102131722367035451011446310929964618592084730966273984158461728954968704280
8383507721190080334038070807911400424148476981610324627563760698370750995158821974283757633075554781861592739204872601104089417958528050038500637621182199
5873084397548469726793934368042178150341163412290622415876069632892432087466078972201379499232799065079367329236990233218824238359517026207316477822605427
8138010603338605691493657943125836458248042072830584853860411740086096668974690544437032666106420512178140913385755272499676092840578251406566523176775856
3392223189378013161414787627753577646717599106319897589545622043742531880616584339219772356497119196322197170756711785488102939103580109758516942530516578
5506949256655171892243430546982296114760091707230274204791623217832930041862175071348369403560521547675857917660743540931424384144070021362209838932956311
815544698537499239412589888753536300019946429180480011652887053371655491243120137877643156955994607463995123399622912461807232192606201952481493893577341
802862123705629263865379230602909886356322371832579477728315453742834383046038292323950597460851986449772867894471991029719897321051190586799775624961224
6104527828923536983184574347080349931939051563381772440601874342041584264219436591811145672065800428900965069332361921669770848197494254613479499667683604
6290267131155418788722786077312409953372126117856857925772268684229313890964555167111970390241929179404627466996923013043408143097487084934808829868727406
2905784852547395820091756599964322997374535348019993894242910446972720588807392694522034529896012201545489328990698695659759058673260351641612777687109096
7382298761394922383416933157055288954469678522545994439808084375680387073944401924740456987591486263098722058561595977750818574859973408293082775389787498
7092276705083962768376970574568884090961774174552868394528281479452517257549063163432315623947409612409341025358119995129149364800691947219514874880454689
2987699139299418307931917701027092087591602397169601590530518894586923194307099940404587823312034520672092733189709002905572247343632025284108504118689861
1989119627073698691760454532825103480101850437626307951750111986394584050791294650498056321828232019872909034595807200041833611192708203730193632440272260
4601778951728475012394593206803371498474782761937348190508158249166449915144185583972410881743105544331055819868505943256979583698234533132968348582746765
1037087831937643583441161707887046641051664294782534201408775455774250289419468288701425443625684266660685349046386505576457258665483933420192884104012078
6471356072587635657071381203115612622560357404281965824119258216007398712294992845749414471398534251332200178275924787888673865743555790766920909152124050
3550242743609986678397009018509679018038471445120131293480469196877055681569699064803441972994668028444019117190971744523227154969942262737848412791854848
5177466901187787349950742454276081252786253822449674851834159495987376892432394446517071031423084416398493562031735544218926632311140866568000196607116606
155423984906525718766782783456933280226894678028559156302978508941570160449376254048837602851000268778286117592668355106963245267085590503558794910523103
6147273163794402185757900176649846550391213491766097248678372535070090134164482127436625738464487277664288486823803234599227338456543303878627642247668206
89373183597960584867649822478162949085188497639549585684035856424143559485337250200120407681842809566860838160038778312430578843334956401249965233689305
3136656050033257838646702301846614219683110584214149213607841123063668415947110324406479444559100347252612727851445215769802788669456388900030700947172222
1336530382487550309104079400110027802479284222699252273489830205678532996204542798001388740373487644751001168189349997579052488638157057083098777248544796
213708251759566380856828172607703325804614612507242595886470822078313554847075127305185332753832421423895481706037081723051277307792347718952214309863268
162623506023470354585700175087476801186022390848181961626738832443019338719676966200467485098837245269135993978946122071057049372197524637859366900803307
4679134182976169028720843793656632411376308501168965198418675188248352039145611364319250832284929238684820578219696234313478873098041740703909340478696398
2752147979774752375293180318152638079300897131383598334282487107477001912929836075136125085861550971023286199745957858170082250030784718619261833898750640
4602766858398898502489385339959613371123514961027737713997091290837215206461540584631259772169174622648304403506782202573597899948532510039216172341814211
3188143481743553883489423698014973942029935785442929512060570429163502898469665574515904776687748272908173322921947728358432772750574286407827601322670550
5761148344845842283478593021242316730483710633039739565567334611017216103603856299465149769827845387889611716500366338850482149396283940288909461959985482
6680875280803015143626621886062640757330456047030177012686586717369728112493772575228960822378176455609197136947972119392881928008706083601352570553608125
8067273487600890789205083682198422855126044286969619259560683911371042031963642776857522176447980081885304091465849855088736572349862669194417408804174008
1128681308149356661661606385372049874525719648947306548214549206776931836862583855138382926249606772816255701291819067005300128267736512016080456190078968
3951998480896730506100854714429518028798015400160174931325008105828228391193487230108760160582043273904639810631543818046614424295370888361819698558801672
5983982944173678398687307997397563015653616936696929087776146525793954917946783775670283779656234345015970292671715810438099910787754535761059643491699106
8526641509972047692126443376513624559873800425445231918631135911827212557349582364067970995168956135147878658231101539993977749557797661673837875959317658
5790850377128174827741911727105768818056195530755089871776505979569001525722581367000416855501552295594210394183384559675911630915301912847629877105769292
4636941715911010579944727371079378992025478958943750265003336615390019012131835684209749606591911827259380046690881269780397693028694338346148902554779834
7705845111897466297673959051613030082120969081159630451890798547550014915192461116637898743932925355058294786868768982147716604348448676418723978082355459
3453126375652389751046664428091389607722719808759686955460003304339586642257391896465756947937620909225316334689099428632073521747630307137402866783343691
1694595222736059437928214823582494184602235197944077468395550384417363874336341295442733532284772951339915831100077304845227307624730836054589001451018225
446891583038438916889852621702924316094276548381282247661241244448062165316176580486226655142344612942634890613349384795488449920338047220376449427647322
7736188472966270125826388195436722117746994654493572444262414148942067959452020074186538326730802755315272916778212914036576169105682336663767355446035146
2597611670394773806939696215237916727902729015602696915155685364815037285553290073594311411843199573552730613137009330211714542933693845675354661624538231
393431340400874711532278307606769356319142766917446937079656748103064940611612179570858955153230468935061063920000294314500999473189567851572821824906514
2242467068117726860962429289134682345054142605663767537349199018259791125144743426498428729235722704017389280288804223867213398308341279721375156388351444
2183794996110829595898507804426464653097307185712481058303890957047799725611866067274297401574654991813831262710781371093260280693091384389355986847080682
6530278938910261429012763711370715039068643860665450723255748005702777007778763624095501045531354670524115975328620511597628866505928571694508814859487277
1500934866940598549605312735919342321912124296122951535839857962383438004959327694389789352915259799583576497118678038259288085820317415809449525308824640
992017357924928083831749100435583472202228491107372683076119164839374136899627258662436021418460086145211682522229335916690694855233183364611802395285149
5220006901416178047052107449052230337472314235445051888988357464553115173139122481892037884628831642037547041744565344043882493439452217031050071964309917
1960527055023716140337975948111286775187495702774805676762238685093006056460342018991454212299353701099364867919013397889113408267156913522925731987615268
6562069930061750077825768962864645572785729752539824461630078845813839260979129415403086193658331995751189015691205208487034448465373851290884249018571464
8682703213761528282840559666774522959086177104460876946921527435578781550077884389229809065242134825164880087718080506620441870353984177414970492358322159
8270894994100200219103701400075572693886729755112434079801300452423369286119575332205437076447430740307426993275391624001107308920009355218263337053503489
812407339698794282419485046601254990314867577449856478441238778858928999584177505818202899575572841541338696413102971927673909355012269651041252063215919
4073817618794750561634977057161239589286403202504493451758148512805270421828289627424345963159991825179652181565935872350735441202082110114354298195491660
3445595527232821573120127653361410458446661591399921835550148297433968178883578858343560073583089923074085039320416893870516460580333393725875937008349666
6740023647026318234930594038066032700123114389950746085117735758028746310287374277351227257149383127660402404211679722340365541498593578405980106072785649
7208436266955854208954633955092232142906211370762968319786601515859002680949570141229176749809730095552698223328088375083555913209299117388203200082653626
6307564860389203907538166406124669597278864752919679726613220463092979644698650350951378251623314539299206310531224984612662325692049995996413022303761702
5776447270214526363649505603940809868630104296631716438732626747039325042865603368290130233115894788782737656287150837070094432655249239744458782065389468
9205785871616547929095365687819941910677190477863335905378557860497799974218127572432225055987401582637314638573491804729704389744101259769797478045729782
667398681448478343923104983930398205901233206459186216222697684590448420994766307806331355308107833082090181003301533510537152267748281829520608494299527
8216716470963075232767485641650042620068977745334409828010599344365093057040114580141107650347055050299152660521115556531938221736576628085842177163514883
8549522529787424207449513671536099485625894698502401173695339386474758683908863307313132332306832006839659560817023228126475935743882584678814155096337626
4242821639416003579106169530643474164054479388927986610028872684081383959508399230582765477330308207540817715358628413952990003812099080844165776017648297
5666752650940220221852261199532255192815976538248917817637532397159648616567894818111698783983733882428480861913117842287350746281620525589061556209809503
1813659169135631226143760369878714015016316008506885572538642291583966089414657451822351017927436278431436421614873832060264586546009675220274246649462966
3878109665062297158855739387823332936388204926742913857447574244651389311695031294777193215580224352498918756989878022274136435988875033058083013614728713
5133023733974887031081941064603425258853829280836306015882681882700134672129812988335821999104639246732131004167031884226929154392469541746779862039526968
2640056396537522042187063323646729653972717526556332478076959444232230247658428718797001142161712089774538698911893917082351646655943678922219179502963532
5363181181586021885730111088945684552643829638124276141571966279815300883274148431395670781856217820126913438049149158930827349167525744269638895319566529
1141075508284009627839513557251016553272167157957083443129156315786176383781896240478532289914277697446080450860105185924232916572094392370139396468700544
689626776964607304243061174241110783607832825009773107098291419037123293261015606124616902459637354989103007348489105011509120343799273596343719999352062
1162014046215210248169033932221692965612805202953075414093293513356980481046677959047494426200672096164157921058999091523704643953598592177360462501998881
9229870963137940759880260729879346005740946234886972978683094533504118521602078535538774901221952780437424217301312981898307918857882508209772523589119558
265577793266840147197943713866900991714985166001734826751398189904151113434374331409508472642711115388115286378889496470194676891641407486168784872826323
5695117399999227051750608218643263093322742517134565747090306000533649218231768627748164102785883358136673598812941874104638146613174870313313078819005441
6658774879142497533766107964756190131047663506132559791510957692433400915814536254056612457932224793200773696738136565993463359373974684362566384771667311
6268663818895885419920732663299676293478460071208003087608673571910249900874400807339466716753178401445150501724576602625086530117558677051890827032125069
9157272877516277320856024756904206448729379634946041345130384808906618463902646029429954556599612809285829400655128257307704273803934835991236379649179900
7981170216545605543895636352802458772012120037069287691848129734633932147400286488255822930115461509868633854182972796477302841058049182684840071006772978
8810133601756648761349985494047495663028805201226509051703005690404180925862794394458356817715811261482154656645296805529780148068280060903468843184296029
9188724150068498805523966211939770489847836811783543440427087503413350327033425503617363972302206033817271082777585985527052687150796618362769853216943330
3312292040682327978629314325538036450928471687246525099739623073054301717457157768283632055588188470035994618146627937477884374508743783983044071958169360
6873285039818371306280681060130072657793814433303787152081018514687606613076092694185740717579698597712384006032181559036532401629518876825536964005947910
5570684535328518275138990508062667053368054430115698278031033718716862958683716237636766254504193859486478257642259336100246666022008311467325301431873677
662918163354758305606515608643468185832610691590480247382857953168526387745572889772829916301202436464244546740471406052612090525840696752942735296819677
7140584876337371522887922193712786452948150790668254627977829353900201814598543408897831216091550293803355693966504136713168614060442898405170190136963319
5790628074013201171057671525641676089566250057042263100336641109096340637547567775058635157313528806237011798278205906341126085483381723535303879655988398
3532882587581103882200335157137680420427153333760474556557118525609113054917658265373719565890846362505870690095927993455678756209694707692434463075357121
461686064400451054269654216013099122466761754894102891490727993825776649009507332046558417224709050462447188276290139204727851218133698616722280087859779
6920172546394740505168716274705576006550026848429354462598042110803501973002850428826893336793039930458782863831584036798559881210880013082796873542904879
613500564966939154777054773365619487245637536342301892763685243767807348994551504088826589754033838825015717743489115261779754416941692370320803066081259
897323000997507319714961731489367223298371665179943694569710787678615022788132071743484060715181664352947137992442936734058429723383142625598458544970638
7871444563043787346044002886509659443125617996182862322273623148650570084766917448286940943834535669808822096370283976698768729492193035374460354053573884
3707996373881023273362135251033695997782492259142567827412891249425311332310188386749877501873310481530030154548592408212552542158492229062098055273182388
3144117109694375844174239937223128611664744495381371375516060049237549541331017851731389998881688925822682086039334406116922157205524244656944140250300911
7791812153416100008224916648160195225581429700887642070375122403821202319098487600124972198203907925046253057812956479469177726292252331500239097571591329
310347466331410811670710101598960282049726453439833432807779932851399632954956194674271113928442193522896531074030019087816867452163631517989433217534263
5588673936084505984333417194553149514398812559416095621611766950411184327017421078404678441273541548936617129379993175196411617742962270893680111845886471
242336306377003911192684287148057233484442760192515036075489113650562420868992897685172432961433709253591283384544225399397857211766925412703945071773642
8703819447605876527356047445480494793618072901756737811355262766379493279963470868622875656908295644273100071728777578147958676799179012293395672874023693
4743799322928597142332647426391367279046130643264639751408100916167469026595447063868675506448306347481182292055231507920329495430138570349071464594716496
5918092813724715272823550701345954107185418058369684600249204785483567075115436041622260919916224172807006677111555389063307741169805272623665651904746000
1657461669663350064560541595607800444909696589625470927480567154591696251264365612370699395572047828179662598553663362400289306065547429330108610709079960
3748343296724336901570877618014779937259399040876683611258017481395409952694726016018224709080738227692108244286761503960665421883653013656257568483677294
7759097303449137432788005448801275920077765024295561758596568710011773749782910155883041979222986458689719092245488368949452243826821488778716394973256315
3266716921469414388627973926172187942978829600570897713158887851472171683210626537218916070438358581271948968880193800639339398157989885030778403034126957
4582906141254017489943756733964718810327136309387075421706241899933009606806471537356231594031996560924847139833842591927986903332977388035405150177029142
2592254266695111064027623646041615649291987303584374136844367090995654236452077877946052107451405548964230981524572237815350667542148920593946861261294208
1973227076381137240348761148021784374821131655012525430890053848641079571408166775290040537225456792088449146812830064563308149642928477124063116885700397
3401931453980538712300229795884637883740447698701390838604053441445569747606089313052613191862149181314593643624001342829655985945050198258039489377006717
1992092308787741126840296626920030289176605775336231573965066581341474826430262694609295896728039869415466104016012712198330542708079375859752674859622991
963366299589103604439077217525355617311056092750925255683477448603775901701593991356305434034975654627812069727936216659593921853620753550878609588985143
8440444390889949801829352611713635439442387693995011000747607898455216731798891041897094564785941358772861850993977944423515594313736739463000324273863323
3525660235521372476844435651147986313896523671337105929546648866873964852448528950858459970913266344473324385489369248984162275395574735369572819362433697
1951141512882555046533511010522850418638257164791342109966052594556236510426979085611183331134751478483424352868162489734988977618771250738237911937248459
533819922370488086328940089682869512914332153021962561234832340737302859480261762568692763403738561963958263623769918094674182466762181404163233649851365
1469700658207167725391992104615530256992800786098889169228015006977272970393526170114730866237489047729989037239960480931726307604715208188207391135746128
8149416668748671426602519912864789140406778152396955398981056345110363076214758221564555213302830120944293496397375407652291810723933070258203519957638275
8217324762331864236610684207613448341501161586977390702649136353585979744968149683724865250327045191817057987688668225955236690164943506028432818802076510
3173526374803835598313485691923151930523581829054848802339011002927764245939605232261220693111555188803635807496168946681282205871291644877488081711102274
8851708246648774829994497625987272488485340364794766584538354485815833312111728072559943811554120311320671923893807077097977678561476792096060986531630523
7571015580685976910027175477989039814852924660862627077813309910119474016335296782654178236694117198392549665778448579672253659056834770915034581469081995
7345822191530234644607500373226902572903966933268379731258277294087715582766938029453355251247428567246694238898187354498831638321512247803992370443284462
3648620215900266873321820492212799229881244813241441119230544318281261400674192339458625946198092934651785793905137851853803068995705123224767829351386281
5677879967428512851645045765555076542218960308948882562859371760301347461177188737808285285216781791204698875635080808161703476126208604802651331452148099
2707303171876888641214034826293392472420850370789786928597145049706617645317180096000511633287221899268232312647662445621494026770548026654301663601535025
1348409191529211990813580265482862191416224506112942444051356041232997925630599605733170324824583247135550569921276360648697387216569796167513335517744729
219338460664576929180383251122418854807744795225240461252407640098271352123602751589184024104520427900055997824556072511809223751352463412749139337501411
4007167437859449326585386493738077920132179469479390372073759851077426227945802134131066033976801917732836694461301980833249555087141128809721931610095284
5234361458836983646378776672135653321646712209762065627048802052381114776441700662592380665091468495744373178541109517371831457381117229299127948565368987
1869061720932639546930145493952067116635829928268100545227370247575777407032423383570724815147366051497841579445499247015887624579356121591361249704541581
7913970260396178100554096768007714194139782505886051914455426628251228512081103416973369412052619415558312633185144748387543194206903206964006855335218174
8186443543005982148177091265941732414793574276149471089972503325760018291934516948083753190228223786764346325701549634607800209828708600509437086961191171
338868270907054667549679557063045209864011502778016769090441703489696536336572661645545003709681184075929134409932914144239434689551181578785745255295289
7976743270772127841258125016228635032694911990881306350291651698184039845607283383003197822609935699697675483392926898731478300517546555566005292776762276
4253783746184846991793627777564147520304597492005267460772751188703945669707028001207438314184798599148069317164804368981200727089743939740482815755704506
5279309167140377116817827501965066625544147001016864629735899077348144172235564500542141773823709918720399541641417863616253386036356129507619288121940445
5300788350528244796585303210404463652790466436183286835503923095176725954241523265787249701823492642376633855574463521567569776021756536260044575714716996
5415686258700623511440852195944380347267675029515293938387007028932751468121511841113155150360784016876008692264950316303164356574870334521248066807192057
173957129222077374900588750300018009186982550288774639082252087252693010000378646093869376650822506729802252571733830756906749009174876260848726587496069
8507168572017536478455387809102747342969457405570237450332749441072974922535581636274197982820671325654953314569163286084603586369940523702078953143686732
464850133738303840357013240811958263482822019527199112812489522585308919448782355503505898268040235736642646686444777866856658089368159611894917864838021
1137973007596395218013022612822355231697433332663776852745007425471381273246659284886466842583776179868769434166618532174957398888391722866072689570440419
1571186806076503052286300742564752324695526573537509426085540485428946505970933501106518598037551708522578211657777664154290694609648976480071858887250527
8754564099050366295094212201707962916699256217417332065683126933005088951203521350566636954753085579844540707366421635093779213108165351834610083877564516
8485138568809643096194558932267958895440231699184988431778519819344572847646046374763146090421703188871473168822517317056003752208689668875163577487755105
3934064824545022677372512298645428075144922605759370464729226300544234741427259434942739622329965668926810986425032640559040131110767990052915374811425939
4690780011658220881884108218065622226508745581733847795234359689344851474434126911614157781179689225499824030020046845268225790457267088437512103029044858
595938222340718568918951041999797000687140336760133024290683133664557851253196571310537114081244101496609407390097521531101995688628128834194740366759015
700661326196992050072200034931170281963849537744400900142769625225662785616750851101605398845312992656779049993602856568396654726929686498557000730843486
655302187072803562191491138008203760159984029019558605237196475238341801498133429964377363825134406118332711783660669108330892797790445706451121492091922
6431429877513177512592243572185142779414994433333289702183026259408921570298112205793476392720566113777506382781819917574914554026242089527499535497251297
5653026323675211875269977623144429365708077041992924285176744930070693363465149095450477705838619468017450318685801600739525934451776321235508500165882966
3094586624548830480921638330118996841997481663900419605839198951133890905552617534261634457402637648209954401214412400962283301064244156713122078129132638
6156097221224296092551827866006228622506829625291593442557717300952269297757352036212220702131687451029160626277780210294895205646867211037112621257837260
85526519651740278725580180095573545412477276412694071236083247971365855750884880119417885278774545232367643439083463216041800115971437118112267839398143
2179369175646983947931548154230410804534812316463954560223587754220495948587940035031406108341102686697870891504133177772282164309537816712343942809660863
4354546238492844161023576636939248051009808697819569651732833317762303568798228650337833722288679729756667123461874484911778797928663047181138916394842367
5443370322880006643827906780184721138736896200458208808261104784250713018389685762393541589389221884344707848365393611804156953771723895446264955749398970
6292420031792507659271069531634735407268367007748141366251106026398711196595469297974671656882905059411857806896553988033559211731079699008150787794817619
5921354391570570207768229913221375834278112724055791978676049033493907821028146334468620152533307389275952631915616995185739665857297298188288739764556143
4914717899289867197445347560554167631529840493891521380445180010397554954680246475250174252573686968560172089227003676982572350226761964844777234908334395
8057658134767885819193744022506395761237436336373242992662078654792432687679888245160136605072079944678390628624023564001054083426527602880178820724820096
680078206497794608172929436464307185237072899349742488956846956188716679174793606413735690655280594480336133544338738545979886756931995177116872125668485
7988392707466272316414902957681037786531361652491321849812613979852259959513929382244664309598913090016023987465865519089900959990020475384963460553709682
3146803179950916977471398929493219471668497359513270204917989932950326818412286000667572419809808174142196773426259529763184929869881593042496336677195856
5975909120576237000823268925738494227456707245751038872726321623672257880551229614188234535645926345872571436624768309501384641177183120425071660941493827
1417227943015684369777834489244427345591356743552068979124101919270580176603503607233253648634886160011433379786523025337838708133135759664898034406381510
8642730903247382494394935520017187549920215380217266848139495830851689895707000326782006261435494245523979698116684334482065851797763154171766203364709474
4981669547378615967066669038110417545216859028879427058748769531865956593559057493110511760837933744520368517934616348905394663326568732838559109494227438
5625139424662864101833201127503319770120942611810083213526677191969194248983314220839393460498476426318661579631935667386452989897876696654417221486927209
1300302374565797035768695493924062481643457670476401760117260132339435170819514325532951579503536775531650751155389344058118335608639955966932177514317578
5919832027884978633757548014359710724421443414619767899797334092985719853364386924800186559861499899774599922640913574662117164458722956491699957119961248
3285432864617366605773108140796206984633239618814873929412973307738770211657682350415180788082869411786544148743894754970283507133356051651433352411603374
707440508425883789519259008311976960745450889549415652152985872128876270291797141928295101477717315021030665165756199752486031798555763943104364999052449
8644443106480232448780799126351977606816922022609798932204108548747193729886515116067009361264036391607597291513111448506027076344398324431739211482081038
2279958992055924785965811517252899794770597921325809432149448111622307908327811502472007816460032439966626066663041948219408300731256413111101018799414335
8486796927349028338615221353794563094156746504903702603405977635611211681168690415709075740057114512443719710732166099733418974492371358616340941931470404
9285288227675985438882100800821379477514085409444758662581862041804395424562608739354045275927019361193731540137953378820074870807545892533068196324850863
4132310557711861368950173719147154339218977161018693405343931038814328462712776748664808583622761375359207683284312476192196333862537430201547520777375208
7543526003116749378066862161190418551638777192763279053678111814578064193691423352955359881461705610023736348316547693566423122983640188895593406894232509
7032517726077114830206038731821844687981114776768616036444143685999711232138313508809239603957250844086141685952621586260023092202974809716248176356956629
993277951307257795553520984051322191665809055055727817569278005948761290091514127937652071487585440586679166234726241675711702664183560657421228992328780
3315021440618511041528233256263619827036047239647370003055729303535887290820229696318940192061334327209816403046541202268128736141765734900252450310897046
5734091198240260314456451577616012843337680408226341177838132257057976882718710973816246328216198538445289716286977316292099943351458881854884505467349937
1090068207367388787291308661695804941972556085903223950047406458390396686719713083807977407934590892692303236376187586486443209453054677075584974787982581
5276925553683262105556642675217410423611776082320011210682453357616315861473269998346069108402087522338696027973871028140815854940787960078640633418623116
1528713524699804239817925043452333145765629471964652125159263078276143298863605659696460596135484333617416888385457994003697967016311637388779115570225483
1903816074403149014895137987292125244226888180896641284350223619607019429961016203842155419935762140425432771623304475133940098213732239266081351439680215
1389806241513991464960223332412507474955912277351829243588132479639104263799703140352415424255872597959426509815699664215005262027897131234287431339266709
2415927656277985548410114483595899555222588237741750055939092037440243409848793512961540051849888294530148274504092844859221128062625602039371910635737497
8136807649447891155399663082882663565450324540957203252074750501241407433224016254765934565189220645062368237520097076853220523323325016206845000489610517
3392591657782898775643872468204611109377672595448387893772939660918507762140766719790651638839020816469425746553949435865260972536635305984354768859162293
375546238075440111579611972429729680443422977829968865258125653683040992889104831633748195489504137233465661102686223339036027307429236219719425485747426
4144033086099056142525622923982312441615752386687287829861286730545563750694403067187148777953989530985051757471177798248198571726964436302828995032623149
893310626344964698246777075445068279483860163924079088847919344091537834205854106267489555458006834652444469204100322336951906231412306374793226124690842
4089517543762674138175632562544539943659117556837767257306412880066763234428649084947190324300062439006068432002004754111824879969265039011863303371186109
7846272560062017589124539160647031574500368741985819972335418604372884609687495603457793346876819968341032583234983951448239542826710403395809023815599978
2032845075553496781718330193384199820567641366760921434566833339547524845346020133364817187154302084372260255206091816438710470928931481496790660769618144
1830935081880142870168039755496272747162223520368717129064541605533392814884809845826949545020560538073118540631256354655453103931828801686141081010132078
187664318033945359442945341036226774920927285752377315407484927144716480423161917284147821974638590761509889047306356087851775069241007014523306390560921
4211369097660469114515967435347769793700547422655263572538005544703028316211479606238252568079886894384423143449693844134519586510876055919453038275062525
2289606128447971500791647859805846324299591268678921520650915819575879979089231410459387964483842743534038036976663642430796292477691196222963713415691579
753461174829916035539441565808548449414177553968996831708104634843040526749268383061586331388026860483281467728208396577815217334005229604782420054926395
516375779172161741773857242148946115739874614224082976937454413844618930858992716153503272104538525209171252500497969947362033350172524922318486396886047
1221049846695804716034013785657943970575222810671925587020889789070758425499928226071386893472903032971605886150907371467407274890358331848142940924174985
6461694040202074435023701219585319051706149678070897525339404361766654286521665695309915846587907895202659516579063334114927226456086818979534404450580684
6797377085667189557075866081142817284445379009171080920519289351619037772977333459018930231363213378894347299771856685359435911819298481714428995913321975
146588227444749772150733388835844404958905624490538405861153395008484537469913863318207849678420940048610921272924492351181011019524291990673348479264612
5670740099312657692019984115172372781535595752123437017583147419585237091410970213709835478886321533324275653436519569715929574183123430515126423365246769
4413372942988775605536067922447466007341109482758547623722983753268580686493690368550381916437865471172519336444889207527461865103120792959134766874935122
7465752976920599663103256856740042947816394243985800420396106309809039745897964651353394563021898637590232889382135481511685718949067909857005904925048137
7035848595526559100321491468929282256011977657486224244110659429448253021914171729787700006671402579134340528123270967897267189830300568722234066870679950
4825617207754704615957111965587225653147538065663709405720616102913190891558204421332266258446371919526244169910080541567595461121060636774203590860739340
1239205351440906174372781570045050337018178592193614960878562770473085272225752527725529535799926531501172975460404221907209754551464016685017375766104829
8001210122751150328659685359638265226810072672460677520248645558875208446465360673986391126778126005998975007840695864155562752407519651771555281376048535
3177066924756228049003261124329349966326575109050316795271909872122991812914630955340026276337267491171345867267224792326245856535736150922116665108069353
4161398147010865956456936068938163022645444195713657088597539704372446179335481434811040017090733458157674431381337964066671613168753462021938854496321293
1351769935334905733712124198239955017224412650072734737632683392832417194660428371165137663047241348963368262031815743000904722640985521893977676288966683
302430001375088510992723312277190124105242372076317364143356368214792122899173223950794916922983640687941345723626241679610046623887242154404077526635934
2365691156361273014718511854323353159530921179376692577391931410913969262259097605016283087324613938920594177341821422216358465892061711293725684561674522
6540094136065417168731166960206988515657747184716477050882367307924125780605807793564078663127269296236265915570993279627456256842604495416360260548237162
3624811952044315967549525146471382889119018556319785681441704892809211316554173766511883390995163020758121781857232581267513395626250670471842327910196678
5394491409626332812845750453225787473485503421466167720818877420666463436881681298871351844984201441473641506669224944819349194637282413481343283001764988
1422264453705212261885811240031253009646995344451048180982989938742857640563731830571204594939694555719269305444178960609577816590101817883152551522227011
2153447892514315611787480209271693304329895483016473400813666410849628762630060797172167049249138107836347794346922948772474813042478249099307985560218874
5294436340962364193424694580452423337411425990071421283015548738796213851521419878848483488312501248325372926205019010905073222530934011174873682621605809
5055934973984997073673447324731571084406598903084832030437067157122290398100831875620870112634461292630523010036379200926598511869513592509641122186148618
2765498437603747704171012137331600231579878272405864993412178549699486360944270508496670182803410170496229391821804488974265742997640065696247142622882089
8175060233861959453013139719347319022941257043049908600638985387874614112305883656322854292286976017649891715901538866493583236259898671535328669143288635
4529325195512973439583488944579218509013147961122212430981136127470901647151712463302608095026896774621697510035083560091427363038274153089783825944640419
6972996496811275141455268306279408636262568263566963155835894450279069609534248745382481390494124634815798145587998902733695025827098104691362968438996315
7078399083870871798792320004095916037661943321424809559584317838774840034261082147998995093736544446255152531061747188437862316049680591095945969056413865
237037160969291345524066565937376197206261036618634541053158113021321017148283247608492609011464920106862212648648572818119121984996604146901451105668888
2829870755865788358899742022441582047565747256124892195397145686741724993398596295150472895252706354173670936983822964571997205781666539952463913410595122
798549286386364788240120631670965815293441066121559755535812921572473088086551229324936396844533231139859612582466579459421560461541919026423452840227828
6843244579081023087095094826684714736594731970547999832530686137524819617241001806999408061129933138430748845536457316517780877359684427881840575744687856
3344264544150673257457550283799314474525860776424534668187432100057169522692682519873022382358550159520790582558822397685077154420742637241350753444876661
2063927048955273840209697565333273617206361892708981523219378502018671095158951116256749767278747934966803768648221764887521103163258217151926290140240333
6176160863081843269432756500984967858347156617469163057274830630523681577102172755902952981082031915151068195742851639185617021531430549726321997606402530
3281647713681483484606233864379346831134628583117830001366368301703661939020194048552396730978953885771646640540701353084805825643276971096532400449860936
1397856782607113798417062847058225111027934406060987890835094379889713844996725157072370596675623342537595734252621053170623575863827206031558135514116491
3777806784999976186608650388238151129406597361093865482875161866253129763300757055279359164552654637857238051320373400896480276046316394423699903885965508
1836589059207042824481580414071459670889353369816996452334090587860482524682444831864532344726726010931956060991041585754216477814130195616621292328506762
1931250536877552058095363207880354885224163931573687689071224931564103075592261332609342091788427018835891585788031621018567097447604945558658047430197183
6467383406048605024086086778882364910064126150719289073626402048298632353987557470245206398158744722856785488788285123157477418599347459326683538951985569
2765681855650284878517130624174172398846994207373228883396194070977496778545284834955493803691912543399236605843923118687539752318197375787708949504610484
3437591779708068882284818378532106391654029396258240721673421206153340485972260692734930828892173926733582752000671603978804979669828914616890169393818129
5858177214568993852438360352356968391510570103109962524149393530835645604961236289571340153116646113038863845816497990390154174086661146844582388864736033
1010586350510250029954131958148715857320497551064030777070810465918254872662740821725843099135363195155462330335422947401449998585873043040118970361731132
5586035901030288774395967285473650402556031844667014193523427063081591017084118889054918816002960530282154556530649933510466156530592502253102044311028828
2826365560744816762071110259127884228740516932622056760765553779539816619726568249416781626959650402406994920744390148812732309850348477364214639723056252
5509175009765594203791521081908240818235152870164275080109348263969844681011229338733995778937999881605392075276869711746497039627169209960186179713434329
5842341481539094941162090275942747300177741198875211928824657186616878056004190344544243160357962729820177786986307978932386862357025026931106261380611514
4210711305434367272807000826727247790477363790255122445848884380122835497695515378107115375618232334718541807807996986716200518102930658494937658976756561
710258237629337288949696612212893482073004872027159146255866377163851270651087886205725370082429582733396372138782997133910943297381154042151833680857690
8409288440465327212583077631881580625079060579162264807429056785828628251073121305246972737660146066490987896331286581542501864706564703673578113197627777
9088726941923357183334542230588001542102459235401813254927929716465782598183457930711983446936572463127247960807829395419607075108677864838842799441227689
7185829567690974945226549754707115940367875218777584005033387612159251752576928255947646484388228099703934712016694756853085368281183077826348811234251296
4528409428755318548437873780129856669724960447651051079370075091740962706726799391292771903501110883153063273778806058100396052429136017309529673809073998
6139727838479940257156400951464827454907565149098700011407691079930610637740291827823811435266409482124535912928119131868758829146470068883259894674313233
673701643106193341364371013892429209734433975077334175928571023492029493770593482473736222073447147247711935563721191221947709995532101262230470559800506
68183955655030552841347513944364590410086002524518541354317754672431643385125386212466505508229580621604544788805327988969639284096989513333417392902757
173944825097071014154352253493819512562426446315833332857137881008697519680840139878888155243675076491813940272681943201523216688492779152487622732051962
5473061593372858594198358663576992025344091506556049009928875588240290287801718204826784912370168991453323950033678491306973252167782244853655902648438159
1102324881802018403808698599976374945508256935023472809570021410969402049018653375294120964390164497484615688933726848838744542929891559414759614650937316
6234201476231109411629193184100428999306547073496854578818925737026557473936383988004516557805457251547272677687864413988636008553937066677329622499502671
8588956315952837995163174196597656535274338445888187350670072062839074770868788142366020830612184993850668061049538301264431870026864128610955838512298878
4971735925789712461572984972182173969949692467505438962586626822642018703169990720805068989735289986365483999797468762938769753889190895773045523952481129
2786705410349812306072236735466334434192035789840926449384649576901000914298871361640855378039907820997778665859714560688029270782872596989771157243009370
1788460975172534651476498480837195385584097888880156260189334599993904958026043963312961828952477454635060103108115920120723055334025014535851349700653544
5114824579130170209206594579665282907447953864889828725343046112027620252401115271803977479778098694961846024902506862906615935891490043918554287038097096
6042855367741058913704723189779607666245201534646068075029261395717461616083855839899722911284949441327161246345804050622699988589194976669762916195191157
8064339288168943042902786846398574933391330383134391506757296858345043454047612188101144521151927043895792335422049055731460005592182315249547017864038602
8050338962466036028633422472553122173391208613631834970825772017939738569118607199766153891449603682866674579337481714350828638836694226747210809165917627
4369782669059785732561281033275966168623780660404587473339291328221852404934264904266055754045320279430467116167491459363821354247377355204807814059992506
7970624238743005373232866753339873976216297107464473807352181476284801547348132576349284214361751625960522719726958262066282012468649798599561045264849786
7183626741942372247340502804544443208344415675050551475387114854146243915538197939358253252774784482431231848157129931460499916171507339356136555873387666
4573885009947273522694007472687220623485673782268389626841474237806888348947980453058457340234052852093802694422811657770759580916675379754122635723181185
3697675962247872670229156350509567499897099678919970222184074440821585009752804784597668031920496379817629423144262461178157567752188301386890074996868570
468405358764700147586497402925363763893801363387339670713909561175305880285816118588803542848827961595218018769885383265994126849869079600557622986739842
7997303732794704290304561653300309012116197195805552545697264565267778135351077294087352818539415980986134986010973744644852901101223199633848057301269324
625612929846736245779065891070591996013037498506085727706460203829412326304765796972521602832665228701100577855802028080853095497819607993619354404892104
5056928820406436125504676245729843663937405994614203576125033700179981440814112701914170560768955857154334282890592355205130326216646228565749896771712957
4734760427439040078592601138405295954935937636748706205948097916525850827162572151337652477597553155016815044478840803317679675283233170902173050447468599
8381944269695035200864031790998636796383400860792267356053385454244863800921103730979032589658712666968500018815915409634166756617608601074601772917233361
7429837788665116799799074504442961719412044140471686753028616802809435424548156517696038594617348278255780348549312286562345583668405765540953126670011147
957219742534089245402933041981679723310683239631479314069621857457237654999019438852634433544152752593920010067129366177392350771608392357311023795527205
7412842088591736049427660482219020329841945770896692915583972352761359729530355882191066317905577913350443789175277286124055307422136051149885688269813642
1751702747341275206382874272285753326812629716148337681882266856539093066111710983169856420921976613440807064503892063152752394297118120978475847519288640
6235660562456194224842553364155183008982732770141989017774076787587963539327469128618804029309423204845706753046667364169938060032707978255633759972653901
4225485643230397197708914460631206291090243637303072483847431311952572205128345637433871575757527331886316364095587931750962941214847583993392752650468145
8910268351674905703587773077644684061403656653891637103855016742874670849912793008230266316516654801690180012858757003802778294399781563249434241688637199
4767918857810269062504999958983106448291282417287955713178432793661911852692713481602265514111596866123990522424470447180301192624509179747690069657826105
117763592198139796911317152180876968758977582032528175857461670156312777276003085389558084402523941621207899392273418461111537018789267126746023160106880
2011379735371840137731171676884908293469708918913340095329028521106716358097927097920216237492148901861814041309829882690324869375590701360854172109446370
2418293651243652749593684480649885474307581713577673977353755409149882432358853896618384706289932816949221039046725919908928395722156366026307366729373134
3700952774336236419297921068650764737763518820951879444398435113307954377633296132027182392687065511275132715087785519525792633867543110266217631962992855
5588363195742614065204447894823044552881667776768488251000909938003540476569698743432149519834671097964280574837865078741034246342931151785693605306312807
4860326981541426630607983480800726362687010400142569165640467682426758007974419130190313240731830220718930020463248523308561192699390849075383123240260593
434793331813583859348001708740803311191483398361957682758501618936516418050247959564647850145235596770752234632540806072057046519061578608673247897112050
7971980741687650788765209375783999481410694731913618808196505215715839750017974852002956246024572494076575831169264729594969236222107583289072239316114149
6981965871998521811405884777291760521836652593507399173896455829940447241152582969671053199745296366908588718001075771754186639655834236665117782968226644
1482126997775064054827965916480147630186309402371165987640478178841155165360301588920423206922497381043813023095957471832851399134563519665031733414526716
4845641890637024943256741783334461065093488056565576524489177461436449414545738333829966445959077405427698005921522595009021815467596818342527374342933104
8563554143439279694090079874400574453563532011440613968228454869604494379443250071713004730227939507035450150646260388733956770336326078730104505414903815
319458976866897222155511813760065291490717085102059293184426851891957584555895282012104025791275285207804830244779634143300297285754087934396542988631881
4242701842110212262970847583895121447617647804400174554837797407768506042783801308563144320992416690964548570459712574529795734038018794146092967157583228
8525052042248558229737889632580578235501655284551832827906845596826331858323983258050420101878935112943164595999431155514211886073239630326494746385205497
2797863589820252373101569821620112386536456579404278820040143770548825361186534211069643355848094875133460120001629094162098289258406715973807819851105320
9203986751452153952098489401848189753228813995985449743182902333134065393003663466423089170456007903982382915225862290739532937344112547683177231450743174
8558691131197610087972145816639531009126578837145311087430448801793754193563272700226674295861377563276175700497507739219346139132566420710446610627056826
3296960039112653945489813994867692455600177493902254985905827210086534063420450251874639051139873665001399984349294368065846073408475839249357028623741710
6487211970095743651830017833280165455363760323840081436614913683225972614273581057606903780786823057298089651605132242643843352936281313644046191434352068
1488311020316655869127086943561333896561238729459860639064899482903122488651140445893491966073656168792551383699169310724085042279469422391246725229779529
4164929373048566187349025237665291755965123364421016377993748204219966685169312163405415352952590517354544299003278776637049767133606068895319666602759967
8947059833294714735421458973389393190113369761168773257500690491605507972402099757827379924573241149350207879502403696253318273503188098893521712085444067
507449788743653348687377883738931166563989721307984673191329098948343053748159588879860264780453685214563656875257917224030199486035052534449217537905844
3687299743885657636615542244578723270204023814285995432015010206943316253750396544061570793444815645053343110070736913238483363494490042045440154057626318
1555491389001682059213033689179457751526902227880830860467544813089049069763988999265873890539502825232190743794627644501336241026249405918541858422639357
5460211310864958159511926954545191244267420526898039143702923176310679590937001581743635879889876165541778607727819244123065881074860492832645343343423575
4267050571646058161987692796962178401533287501039795323697384216566158314307888903125136229640411752255906269841545759403960092686456363784727103674201271
3486420588467135317064955986843936210150439497989076948216933402132194778014329079281162042503680390786602284640960073146008487995620076602014494207984703
2635596593305548178584021020524609019638587948243724072691148883595170449612911971218366116933939143816742142272461299233404484125994027022678781613138788
2577929051481977563365840389042471751686103679606730650807607986823882203342829452651452277223510653119564905263892434906296853424331350453682038574068741
5680618478111680587525540914120400467396259339948996653829790612649196299769981362170266570163540440057889609628423245257726273238197937665284213855717242
9204661479814249597794743451917667485992910169824492195373557088728266188803195866844864989385658960455986517654842920471145873285155247851567726730356211
3900965221097599259930356166936780993131141863859253284331213200364045027041894458386121997237060140722316939871056472248112747465028786183979185194709115
5445192351410140521215595263952184834430252558422793813062507000701507686273210397250492192971721610996804597220305119414545727858209597609449382663604467
8500595263774273340900009964903715763886685002756641394153042648307663690754921113692379334191506797068909424680633586744230122940271058375538099548779421
4507696906803697108485006723683877286399608200215762653063848378913671334642876330707905012971387800806574000592410086688650724604975112135646696206071921
7932804348297510077050875056524642844877938628039835543165384901371586914795445542356648296444454241347960933263809396870213417995841509114025951073759804
8308790487212677260957452782093719537977518856163928910827501235565264321621069821282433675875316981161780685842194855972267599659615580281132911811186542
7815640763062205079527567072979792072442605991361671120396022459978556048055859248928178585454364516000245443328513807264959617999126138996746123133587622
4312172031222698089308621695243123911967677764052246780924881798882101278213355678107218374606968576542930866160774482187479416984898432194905681854457181
6781563726006150712219747122880613125705404040772319317246858600390994564917193998865685122650154345922599266412701768574273440486528334997743262077244690
9079100006462114555150356523410440253799451658655838539434754081320521205265884609715217221731778779556528514040370848653395789573916022951743781150417428
5565755023283548464442558546839496260681445275043920105778091540641489457562584095391756833168988182969290793153854513142667754175693839081508760762364696
6207766862571949122757556898271341382170091554604497592594374654704594702274379128402448038084362823335227240141973401481553428610581896445829279986561543
2134309954174651887655075715522901779998178632099498177144723923543580152378155148871355308053632475926599162282821055365319154369185090962600569250315742
2055933023388601426382587120732621254566963484848356746363239784839169852831606235525946028923537093253621460731854303072425426079401171983635005456255336
7032313850065389638582115850125479608531035310769471655771088537578234534886978785363469017555378412602206349687268426327296253129543763111196023360421432
3520902189016345102971749920597108726940817663613208342394072101195082597767718989035075687098692416097493999117826417329039811526290069203094554526295271
8683680675746497061098218701045561303105885865391409911973286144156158883024187201248892324589577873854552796253799824990748165032743285126461010285494883
9157506894998261518437050204330196309491672841711028517250401477129314572159509944934478617381343902756944986598424691543649921679090803559779434714230509
3572859065312981388381545070743167137094143122346110572480443324953707597991381395705338345543730965851163654138460891403089521157910323539848824556683953
6213001290081715719391061544668993850271650785589352415262261338594621193996845781555311231438330273819609290496562314671597537983819720155880387537676728
4251722804365515251745504988032800564013031477933425388917845594112393621796414119541540939540087947717358891642734094328769682008321159972022977818304917
6886477570721802418514199070953723915974303367680490718710509722965970216152839923953267544401092217931274945550705021804756407624154303253155409181753499
5637924343467861145497846736299923091736581661558772129491915014940655057716184954996031469086687268508267299751481962967484274568180401840731472600430489
16186734154061909309920284310912907219875231009984196711425024164612819133419667098632440703500981126427164629199146811748613256450628088528615655156441
587504716615441709288105110991505167720716837417750519688726838454160465113682651549224292886284161103274367020340703585640828718850829905548027149070845
7509198636167925059707582518120789651617063128276887406220657817618096226411883830064096957062167983390430341452062052538146321230008457279477414925500957
4919662975759064698552341251207565797552310695436036572321767389193619156814618877521854890674534112093548543973297976933607230176780517970364233722084710
32081144396111546922125719872138435578881771787914018269397323163364275406728031701504962064988933813594948659304176862104139311371830662147086988921699
1584111265761535508149394932914566947980912528909248340488040635538356341639189211478590319186538493745586275719114704086129009209672545643974821940487235
7359784484619966676362173823942099788500313357852783720386213709056494598300793893858587512733837436783004889899983005050032697700437457230709908359059365
2372416637340866528329649162201307911144700316436169061332363203161605095547981943335186735863513947147801970907496347165279078091497879723131756178223030
8341138278051048800604699511296702376472916222330548939099310513477481331855587942483358373019343139920402862785958428616001438488500520521433421431701121
7036031117881041226550873929261552054665666280805859204390415269032989717051340409901766717031953171044615931548337608700905491317117627627781292714629191
2633216448099759292394680287161384737289946862378247106114684680798759963204743502420954652059941598811127086018589567366925438931984525381479033246291783
5889869203396605655919188926338017679314552679956208971768010564902912623308713486164112784478787678287106053328623338648991996098382221923456833871952966
8400771367352862769026004460853933159799120416618033926076892829919045950728391677635438320426054877950485520414525831732790597696517238541456201900687861
2774246559072612528009315296664870870240177449382495368680191369278729288420376065361283056718681884433033010982077911542162728249824687378358482539374009
4920460779817389569652792655474618360224705158244003456693265946090451042901158965195425827516562147279421444536203538632994885811222592734263174857458352
1351888123969881505146382309538768206690709143959338046031765435797878342940729464825105203695985365113200858379964758739978685278886721130288043271973092
5418925184436807728680243734525942198984426890686573826692066715788726861070074874421200739355465849958265762468515810992794945701327064353385404734640502
483536254169084081689375876860569399601266593998627326795153615856062984574210103664329436323397216968092540779097686320493248365707512184637523469269895
2772454353012881027415049907388517019009601226909903059110609443103022725730537881577735128414684698963912969550120059208113833574440033976485095708473519
2611772318789509934133650831962284650705908022837022355588087016818346028527741999909786477456765823079655750688207627203735555907256082911612854092945380
2918459107551129599271661525344367621246188495733649465222796950075162546382739012888751833058441338729503706523810957045336034589191234515193030761098506
5909189667289561853632823776265974445110852045768872531314385536087362720812960316400862163124809182743079380240518787097228672676577104802672800123344982
153069866589053610958231436990739787517250839695896279988799873785888029158345217972907787982616643276684684492976691014956223754410879533798233403237997
1798305503500209693128925064089528515877952772413937264020661099625007592413312446784667388150213720451535908766269768800816432290967532166122410314947017
4803821447989305996599398505124391494459932322407056740792719619162894519700767831690048722778599814082433436775845941964176183608574035877907428735326558
7424418291071150934110605664508664145961543522205045634327334973739857800617510914883871184532126770334701067287338774592562508713413106508013637674079801
3879234810364766649640572314817509619041490540949184282212821737231715930770903678989232128609520222982831066296003583099419921494725247518627748139308065
2386612614833879691830853973749706716550378154015639735250073811956751846182209018720573588026640477022079709072766699479907012652146544176628737834125864
4574188741389510070744125801413489967513588171139547203259729578761017176570615073143114756907269712301116032848966628379246658339102495985069636640415676
1479004674019309411258625791791391194631516922158127963283822190722683006895126614843608940518288430749354296994893166092258935502243083583424777649298166
2417341495795193210003657373074783175431549963022968205943317945868619017759458834503715637782011107500216268511225004835149445229990291345333969428963792
5131554965008526161109741806557090384894841362294937883262259872604975272137574610508720740600127070721273237707007481081576377099176638110631680280568390
3884947433327409683513597438667232248707898244288117698886493505610106212731182527874737820612886240480684488226236988855989198707826976394797873279490247
2334636967479183332706721564989586189948936307274146009449805957802444039683243272531329439959199768790542279464163140510140777295000089769958219607951254
1396387617018943974868376693150149034922881785241399451895164882545478913869484961948091316984420798092292898541002164100329624279043190013302187037015140
7103455236429931268468947199953300024466916856277764803933559519867848337245180887958491379735701968336883761617627634750105694275683376599849341049003467
4258937466962351887514047740650721851453675245978746344578766499180059038968168488769644693442048553046091621798602919657490001058755100910449921498719840
8357191260703197132899626547859459238052258935187155892681888052090596906324674388402558341670849681058065153340109245221703588794386714509818314259906211
7074067432692800794263499718638176812764365920813911862549136353383231468799383915152764078214235797071346596288882456920677290763767624332213194676934471
