100
62301343515691019972177292069542176490076316559852557851483317974363589897302637639539130119631922884136298997842782894840076244156896976473482138610338319557117103978424448719880636736240157468831105507659290116068982810237426741145956293237783650580331810139050840361624053915460195084306375804360275321159

30775496691450564849322648973869113197210625862559796427899562206919896989360292117863838956543519393147479738111434236239725219481261844108383622079209661102778808770433396665113326175775015985537773185443721665812663714809912220339243183790977374730042844241771952621206878541349599242116640015833398614986
2418605440821134740605203090104219662079012490318223175897464422808293054291837451765758862390679273110202616138246479311788799642330842720199911177260685127154770220325176235910393846794628043977289801899591311179035197122734588308770928139965515017276027316334859094303703278066290463689240338228846109127

60898265710429032510677618084083640678548392841108676553166693853605814892833655198229966914641515947102299934970116369884076581061490318019434676308033460553713383925277149568679001820352030461320397093535602349878067623780959367080432823218824461520043844611857362821852633088463080016984254402527566333708
28994237722338070626105601997910004893496844755362000642025862081072082932555263360763011771980375316910048655510974203049025244399980999497027655941467521663803339270675785445588647874254594868916616011404050389629071486446759173710206427190645873316402217179087015284460509738765948496904635729493797498421

45700491429580431153667789106965508903118654668005439080247957786600167341181682846428005455160384720598425309543671574274153645965992858790522577642772343026531600123925227818470173801615438482640273685497169807452839854974444065375155238604391787416297127313113536025135878587545866801282562787911299002356
49355632629675641388143588943867231492541870517475596727606299253490615716034597193378072264110465290436938369923207193117589975548889203319103685130308384911936190378805091323374221540728316888209953071368238926916200443234408148402954196647500415281220302571626344031233164133568013771593662904519273926392

2876234326607427333559961947726756759563410794178472267965311144483147503592244484062612412791776313883556818900611611372355931245722233304789209168397214251915513494634325106972429088805529893161297628560429402478494666797208939539307777089283046638746561594877662351563679382203907030933972049959682657708
10263449714487158170158196266671666536024190934553496980323848967556301097795790665698428741254449520428659138608585597297151755052038593294895038673988828646297227503455123323678585691268275702177386853762527151298948990952611035201452500987765995779245825338595715980995171713205011894934592905704146058125

18383069867305153032203119074933260295188412644953531297236326340619896001082079077440234451140400284086418850193665908926937646368894677407550971445283744523398293493106966064510698128405879724716306302461753097433266665261541099198964831462070613789239234026251735923676930517842644581722779606947167599847
59011914732927613219885407401108260222910417290995498213248072811803854103824312663699443393623302347496807101910119720915832374943138529735146001040806581271703450761363312048299300099038886948401043311520952325193764800426982830055047529145819663841495646028219943779582973012268439606071894298304738561873

11061304642940260420488366481669769760321271525404668041409248479349479763756321322500336970378078796786446206410854767749835571216515927546025017397908105640041235732812806621474968842952663102297480357792915728953724481053631345947963583560918812919392071289177768266454690872109757112680534693414051956313
37409891104581457582591648063854987154936324490196699627772117871958042653217299620344998583032036587416165088020867702155189008654473114853465758136869108987981563157461393486895786890815583255438298728489758344795809197525836821529503846661243863242029284766497423767173674142331613327391882268739758373142

46442144903306243172815037394801799610261549369048662059433125543366366603428112982843693674118331552030170360056282891307284017756015610744301971307995710934154621170504849103561491229616137717716193623607692065796101761634572063722640851411323419400497375291370633025740724921418382053726471171225463168701
43719756768559362537481340021840426785106590423119683147209611838720213130866836747360165069520463102395722575823081634269074355345808506972213533930290160748107353919322013963303682581479913796066437051070360603476449582729896818490062420700823880162048883893080288617353715614969715777890154696184153192737

48691575119592567628266024511771546395179222686777303024508989261018142057305837121698528988399566240670084570955798371425234803653894655288347869529116317229081166619707234644196984193650416226190342785500456883774005481149907946370411045573618059178707548653554030879323792589065295282609658689383042708495
633165861605382846424376141519092496890943613200281313561539253292966917954717342038323057936095952772675739471338191360258752134923934738813029779178885393227624713120001895925042944459952424055993029192117135116068351204727295280462903589439498793404876054055637042027737183611541735141526113656394118534

33024056573416631109361782131093048212865141784520525776703037726184728165485514371201864950586156766009686229644739548447869216730549503043783310916856702695734894414853596467034104230750310605253378416849923991175047561355776318350454580607547652450127540488079446924501130884664264971192705003305590974922
54749280149438770920398262019139138350107533457032736115539295470182032839957426582591250823736867019220530108133547107810620099869787748471954437058289297608082481783758125634326054839211342100509670002469570252773382914243535307071174959734146780366148493433466023209692963886702431099226443304184690595995

40202316327494375174757293127023993239527161300944319475081236598497097531406739377044239412197247626853952091925572547913231904519250145791068307384486058629215999505518345657609432931453660548257408753692588104694207376845617087562581375798808257690941791335808373626660536817518297706516391890723655212729
60488411898372894102776110679709846364949705445871267362264818272498584461567746321533445855927741176242719026102150278874181194388567708376505599412050131273867419248863460201455382247345540112655678702073693543070736216280961939871214471381804506814769421338027856811290903295118643389730476305350834845829

1097622438841269935630928930425310173877259475753384000696147400464044149969839574402972996077035074982442203638100604939403634576006984038053704421061738112117140479038817968013046269313761039564273488654665507675550078252472841084317604729367031383276269399438868803979140109593943607787849015758669673930
27373334189288422295423629788627392219663976288475640606385776912627881333280507053846939881346187671472231914793667421842526317334668564185777813271090811869581816243310903523228993770416890662583755132824095678274822993218155814932745019775547312460504453416774450031258544298707196669690483289184961767040

27524651996466104571596795729920727604659484180300024280937993499656684157818628772284290392905503425561897204954696509889624265694297432587003987968376686577188392440107054333186164568341854244866232165008921594295220055835325915682847847802661988504928270181607398508642122638201122763388262908970623101087
23884085084539588862587672291181800453510127395905441503168200155029326816733760924963024102039765147333959250931260554582147350603326501265683545743682068529743394695152740528642230063252021533573133674414336075750430432528322840143377916209282885221455483689985609587111449810631858743530364492688579194464

12961871319362430359305175323580036330026296242643513662229423955278771303685227657201586414906362271598271188083200299419019221869649173850999958416974250257815567269239803648414767659668296382421076621129825992622542790994657369596560223434153159230688477033519031427130148836435829787038595821477543424173
53456743380233418216005491768260622217333465455851659482325804848538107026743224682817179972421843980896986919462279572934449723085529791049704793385169636696724099712385235210223031499103730337519107925370432792347941020424951383315155499881465378352561381790896184260388859456835817198204094488420409141059

47100043586004077801557762382864531847877801069241239911769509603889385302668268595032808013621670616118851587527564817019844385053185886030369958977127088787139801037954031233372114772212274035046405509146387599175166719205038866350365751769616048677320636328932017500949077385487635695010530024088618523841
51042805609967000347211056804481917524679289085035556347209372248848802670960433742353361200879951863182535626671225902346235217429806717180899388037193800668611959367441170413633773619301194422435531917941728384203626338139068234086834381641983472659329572782833710521453421170881971617756996976142550471030

8224718112313204269790748354776762483427903069922336742665657348958691222989274278716315541606664681977545558126107354544076008550498224044081986900908276369473554657294811206235625969212456443967789311309085712063402171985466006370214979853560448918518211626941423831053604836957416969460379411840758926058
5620357893620888051784886008104933525663696038465787049381661415682252652690276482921793033780572732511635590759207157295726166444066993278433346433326055684516530761135467475911034717004699304126538965871796118015691813907655827068047613284834983702625409155286518632034543909494987467631104230194813179258

35604692391200770615283432091934027714793858065077213413186914799468739590211475122265781673850825795812388711703959639584763747777641697752724081590994811665904250775152223615429851286259074609117616662948728252147788968751897618710737098450838100311755942397538116514963332994427757319731026534569174430614
19898650428433288298126168003914063486452474901384301032253041408471019446067947320149511072170669009235285949568111744966159197533317239968681271076501143670449786785018719630909385479047003226314417872788871548556109245604320289475388658684331433817283787542795940664440787069081904982847144743543091933861

29285793542441729721975495138432800693510793567265601837260292880189054949033420827424137150292343001624294536112154137575159574413620599480466846342874181510053812590267308525480014672642070267484886038144104451993921683895569833851602024201189042194159361527321943176315393690917246254882233977428395394648
42362793220123338428971553869053231141656841904452884551252049475336664080877852042829746175209328453908561109337201760458028014046393267098167940814665614973916456335725328371056322364241983337923953204038865554190368195211902614812283336077132836892271080896042951584080979245051087846176566856075723217255

49984274845368458215980878556004667680385272445828090837516497461709488868744851650435331127833223789122107878442042381419920443961374190353894985877309158977171365207542719811556556724526555064414413253194141774395130838756085672432209401246613338291834702908031430755339513593217421821215586173120789372646
28897314598085583546319417074662041987505275814284021047907364876084882917997402622359961053468789435842374567237570620207911626378829496292428529884492537596111108038781195117948535836679399388125763221833287878787132002052383308174664880368281735807571247410392633699371668532193817577629543234199981395593

59909738861284848028664954008342701952960661920879464167398587672647786234105190459262451995747679537985799022480751025955594973817181637973896951076936837883025594730063178268838951584407019484505353208585894042698983515201050961443151921290262611943372159637309839515506134180237009195213200364395487716397
42945906390049318552572486481187529362037426525491656099286651715519131760299529778580254252853901975121896609320635859778457471271781944342327391098389905423611248487783074509936989593404721801527346360688674404538305607562413148906092313201062596423426043118431046933100544264806291652676245901399782124036

55047806514083057625912890315971864202339649446104413910024881590716590824650198088235726664555071533466153960788886113875976652070386206048867959096550937832722203330073247273501799152708517209757353019330854943773873904294262936286142539289248736345321337247248978152842718767909760788927663965342816629604
8809761781577036961932596745307711196056425551453737302187280018127922718713809276671861267348576760036233029825998218601882587055569032076936298213436196354188128937981537474458721424838482369965073822096271609968599357098481997926395075384125049302934026612131277689956007172964005458352435892084662069696

32134361975899816787583229038550974604437354876956812174930170591643622915885836795324183213256276089315029203737948898261608225282923945677386908148645207592000950688111953448647572073495110213926369862615843573200370403055957395912948673622140295019323804248387037628009744090871478948027245920204048996751
43577894547670846975721037597401551823990984808822336337298789610909713950787282318210519932098969906352420717666131531644559064454883814736302936777637812109212553090815908425932241237712528514296270747510253609607501316211840936374254626385345080282675012375040296708871922356873001705130193456734515612900

45608321344921118261077029350624322284458482418977948413119782737242441510300018952814253688386812491447442113698772165985692357610110046611801014532025083227204947450871196223393849197134338788988000639604618438774362197631446164671930076622828553057199141142316843361960448530392918413623132682251807898697
8890692215065299275634732916503019438026066646974853367640230793413689107845707631362855118701291709932866144792089675617405970061131773980032435043036190284216799657713154837347961344182299665921675935754276291322868247416629039829737598476275230394789579742405867583075973836800789612428551890023237014174

23442580937582956492490870939206588788573819949692523489083945190365726346061079182881068056482849227194921784362752533463701738846017451892415033713794674657290940570799588136766658746053933685338946736976272214764271031714452465863162725922196853369926619524930018407137365603786365012240620349562335166706
12989291514432617132322024272918215872566727674322028920508404802061044441467098633622085696992200846519475466992034177052848672079185595475949228776404571972673894928175315949606093232952992293802991835176356694444800006348129263402983237700504982485964619458511801186630626252213106026902162508197503449941

13497470497516576853583316011982686923924263128859979143115484952965610512906987253623447862137136906948564046970714643433556040888137073765918012407611724614197932928840692179187725195425815236139131032053839784670898286535508410979094469524724016622958464351358144512789071752484516797274350374347705490114
8623571224891895865700207729839472784068597336589677044723803771259397816086443158316888739969048695655303332119519389979082507590584959569029134671313297266021273340622404093093501427759573565721476957082988721105521894407443586211996306059641818003126572411548697468266215131995208185593544557438801870204

11388877368289680196856767635177434009041128157969633246645369625734645108805475424244661895185686179643615625564734997608917157373180998604434922805984062117857696391815980351206975576226393584522761580449818847319916898619978801485485773936582862677479172203565122389958483939618073656302367879445962006389
35011440839106850560765260345843630896287146238293165003822750265643254965428345849826948422150922784445408353327631552231485297165340079765735287545187639138538821122140964357823087822563050238646130898785045092143270353868695660213590248194599407437390247371718442406288038849053161868980865616013697837751

37408012053310196335223740648113845730429018619274627820631735851911803015795959038929398471104888602215346687249254924706149246312911039701093591530019189849206388358490009232941453222849960526167903880849052521638250386196061507895635040716986931630105440998854530759918490226940963623080670900139313902405
54985717625052597295459290406220842201797099866545318425427772096337351692052763841272870774654921038126807450815372416375075944964003337580429589333578104094906827672353760911017991111612529691441239731500582987064869756096639365522830411082117884048104822331859361871976817165424663468998157050364658194810

40068281637582541359722497480032866433505492697039213176188482320784178021627887409006588746145625307685284884685094475546907833616243274854286407601449877738889956851693664046451601073458177847906978314250352602403147029524920626867013112044098583577657099550088964992815928856062010526561514230772214799718
10624259661975237233537377050145154201891261875980457099239386871956485651976080851561993849924665681204341277469795205303936261963931583142599080744364242896537264161885594634940605933941011380603943004842226710756361230030196291953448435494590469454403366293694564054735627347257120617605466072789833983773

15340533305995902122614175656400646804082385951511610044234642154403502666391265851612366849447002781674019096057308225212227424208879318306926214059174723099531355874287546817957624902213007440357598785698894102803777736957776811227218827403820595335344296747686942022841960597892835857003876202308548406308
43727353969482426851527106153317003948184895444926291008375375282730345341410772652020627302819055655459381735982008774928613962549521422920526940388740656558070327007766583784896750140317059021755164122780943165265446449900413510040686661497633841497531097108991445001591350559542410642415654636335725907046

12841734926551399514351071497941710701923371082111923616788505009258552506956318514242609625296417556514099490180682480429031097836076379357658671465171926230585766777534053018132163879292843395335164858900915938481168717847968426499521833761365253870907845298064237308175130311327446983755680262351651377349
16390082395514279624542407516692109704655062536211194885435192105308851089604759465479654810514000612547856293763251321467383528363437880319968273384332751997753316179769039714941051558941705866510960313261614670127765913465351013302427052270187952723687171444348423245382758952358844588581122244347226768802

48397425043504276008711582324402754145891289553605650924476990760402503239730217855283817524143114109874584097513592677554156063277884528900484653040368995142913846035457567376191335576042728728035151137028354236356590662313603811368833179680748913233528422974289233985626151806658432701232746743885660819593
60035374216591227073226889739262686045134257942625984745400845188196315439747168625455692226867579089903413859663037814259246200920821488454790294812349896656473600278279191046902266095505798370917550635406063699908756006774089337477971234774320706629810877144155266436402072449046512678020235126734590291677

3025590260038544080085816857634718661305209967321892691044933710230342583255209914174507417166579251582634288757561458934620761739223496503926359028570519609097483247827535700758634922103725986158807913124891341998255462465763383207557650484790576091925012748149115127919292740978360210645589700930688934655
17907200538012052553117549060612391169794516327479329458239187282116510417400961733541859387152649499538164163834031665420032674446190895354891840872243145758313771868823413726124585645800941482534058063661084298130099586238095989602789384536746720382070446968065553217077028557238795786867218855802170148914

62019605517443294154013378557627874860078717890645600751931839787685706862108174766991735293051079065806373444277023561754522348100658034056170850066609099951671372003703439908088155908769757509998116927672265344183228222407824317015624480379477763861285570785709736283181792060600183749469900406236785548227
9479600631745584114275179926578943069683674820172171788948009247577645699107834418175711095511527272672279651240436062125870135392608213942728818494090461634597418716117649761773390474876716746072579897856975292906965790979613566173093432126258192349278167106565578586720881782256763052534243361281835674574

47549856916998144809502401628361876220683557352482304661832088856334557283416858929247015516703810462125103513814972507895166636657787560342477138798645643972185965237312561480841204583119748976630201635650061314156048499406943578675351859661192531376489328202293561973696931326737234416242822599611740294107
17560143499571048546355405247555579133358865086313666252681026934386258648620247112330953527440519542892648357613131315318408816141297983105835344283066654789268808059804582686970176123870380937666232231510971696760135261034008938318176558744681302707772279920128177787205214786168946698907486674181998272584

34845296595094377829038368690572117601339304961641468042548250142716164407112656444631829141288034439983382472980605829111126423911024780255823264853409481334606883403059254953381090940790943332722869427958168279356260982540895877231328261473066402901638904229087649789872229785995526074706791508133012828405
11512761947240720662876830335372580672649183065410650165392849084953542849588574931177443669482905655744801861220799507701831544536474018002627803614185630892502808328094805710163322514851685552026512339697302940057498746466473438016368945797470098641881742919925740207330238982208707038516629224191903117360

24814363024491924614952743580674862236533301119125935544591423621959359344413567817222949302098867614690692892375141064782623668837486364058668105636417992753320395078219562172034912832045372494352572845156174583913394479747021488765005563902094270895586896096652768716586417406673936887274323666072549719311
51600064096044741750321961156182680789541156872714782145480815807661738948437977606097671326275554843768699070853091283610029205642248894660012788195984136691379981921848244727813074051260272582308916618917965008045391639159712308936261194891829941960655607384016621445920628427218699271549857889052622937332

29123902058697982777288925858768443786061565327082977841130353790958430335676975032902874218069108210324809782816524258356457807172875172722037795935204274571813704439167002600116745848007100216750871684654646236450008423666138282553278312529277268060546920837207571858657312438676466555838046593678055069782
25224122599508660341520246509805870603363408611314494275928802726670567466509162882565626420354719554842055488952978276343723947157696310922564946809009324816094764182588572141689057575564806999901259236164050925926658033507942501336609128369440387851172758758505001419130119105640615952686931738792792101023

48311816040574824629943807383597132285893802614958209899713809578024188998356766070326247720702399909812831666227960243679230782694738996289248550531164133022784929344327182444224401558009444813986066838276062865805517328977377048988362006002538888888557477217470033251921099896185700804296213783390196714994
4967058111650604842285319873877321490226593472919009477606827232521791518751305315761217454657261008321181996528134850128901868428770242624712384808719002067787595862947123075762182063421411387573673628041383193883079033580222779709438883018319796415859193787296000329724143985196822960840058693058700439052

47575402067923697938352357347465021126236251541148075222939746230106024816097106691052744174319129010156904090590030152957670402203521177951070323896563961937470587829842546183930037311770566614173298781196826073055369315942070017044303579718849736047665536937241754534862832300972859237144162884343424366751
17768454335567466039024900231895705942350920913873208733771900459721298174870918872641080527923951008594192467858769371246340374612785832068381991936139598693468663384799612726487157246784946325535264562461090014877842189717227113215059917131958837273931196493222367109408695883712685652092757702295626521929

6180051180014937039853760095869159093663540705361876819334596363907340217785800658714978884098774803644350659070030548648113974302332231722040847755678658213532032162162864590430371230585679948990447292426359145705268624753533060763104175971384391393066794132083486852550061979886416857738887228474630999476
22328166115224072374810463960851967701935998576074052475522521788366335675872519486122602246408056570891223478135909499356846511568038471426728611757031264517668240226660223255891973415325923409802234967038203434622491682735527970499687465175245652989059534127875205357451481623729148597097865795799342962111

43925035525914604973696861127596678563641709575212445239326072058638096986485754227712055990683867354403325578480065548257605867619335624834089766665189272261598425830899711733848069312011132495778857522576333667902384678140025769840799181366893758249133864628837298953818402011677466583115107205796601877666
16398552846795406931336750282421630089004976915273039740580548377006327109773081054769424487794343736384267765928957885497287496263988853952014148383938462462521652561419607445821258105662789101733494240324217459706793792057590715798028371596226174897108563752143136911434765661993636936892339252671406342228

14996529085434598807730063361124713194562592502741795153152575419789089784460105425501763000630133255646409701333857617495724862682193561767419109108367203455636615284115163772405477681087265867336926534596366353047787011987266118581666878629390836967961019854424899752134376481326479823523627157889325077847
55387670544900452897149926480829733235973489090062522267667565440437152512524712123395860694795552753398267195437972625061384647111034672173752285090213302832447768003509685308784241618278114127317368700252572971393026480700321840306070298598950467984240973691750521766713738233111739588743573751166869812984

37645349320679941512355950873885464699547455847812561817248548809750067237741428669023674861863130429194489865822318502403796727058930693628389637398123024292103362345794805554924402787714761478282559279924023640469692083409877613607828048297226624153195300546758871344861575696881798456497673630371676346151
30895297140008397823909165864121315243912579494238617087283885742766043455784530201992100872292564841704074066942231011662255893363917593237048554584568135305593314807104710828529386485925669233555061083751461231780811677308069259871445035947255067271193213385836199822989927911508327335464039557097997559026

20486925298260854499419075517807294129189706620035643539116985928292391276556762747087213344347486879899755256957540199562323573379269196591371512007486363194938896755131415742266578322929421915366041709660380930102932092853612093862516023610783366685955341334582050132468513221554268496409628326606347357305
8354545646100331916434211846111108760676813439819386280845817522600948130349707982277746716541754878155139280075975587801539750205760096797075818465935838692014010427409272103451581515963329761689772555213805403317474136178128545259614428607966881717440526363678236984299603789217322005536616760516979509547

39830539133918078309875101533427743071311430300600795816261450717334604003116412050080165739040374840805029966790096643569294359376730393418621700565422472513857216916731140419147096908657132933297466350842945331686864722542474999298299492746448896984043863641359086427701975761490530997004854355281901668632
10362980161945802675494783925220689856004603053876840822500023888955140687980080060999323222585793881983149231910135872977402407091979391497599924273097851938606063866000601773286840744837221853011094250314328743529805902820573871243923575039610898308994904496264029776761972136906555074631668311428903576789

16600606468294326012257774004468468203708398208896435807071037966124177706232277300436958020551492912621393579947211946297099672022923706830897943168836898219031982815986515115673203962940647371231938228313620440815354757253831331895966819754827120659508655590826638248294360211686751242240425881980326876984
57378794046500258395343801354148727799318607056680775792175649003821925247290307754648209763385890855564983777272377216448301651345468576409164132787711690356060634406547318964198181283206427090802228732501078749676201344445272909945129914294970872796547858470586399699601458066458084307949940378591813175463

59540716439281190713785652636163149332021616721620092508114020692797378930399310543639203706763286410116384483551373132309333732368020262238413597632958706433926840552660583160670333922362809048003108457196530479368875683565436003278352895432898701125178614561608050176587273806989883076686157540593870094622
33750549288544901214792025919210601261949372564624997741985021873218048135174908093188917432803982452820872721146585021768746167850261026401587822922228940516170442596753153931676907349979468297095356141878167305870407579447071308024657150214033402246606877943554049812835262529299241452560112788558031605439

28382410027380325695829156780630667106653775957699276306414619503874363782622084376079188726291550956339639961465896985868726255907342505292534673056653934942355435219616030309485469107934841204627058526586037402965937994367766921938033158492523454554318930665381972176495979302815487158079707871499169494088
20704143811904078448084264619316565825203545147098172487195320517860978723962834506040649236480422091028226168847374358919264459280728516755988630344283083203793312080371104125399270820814395316324372945255160557829848223412423867327539618848634073644866768855579952058064208785404177483124871779820336161221

39877642301288933958593395113874493781855310358834065171432464037062243863855776538664831282933186911590737489889198765658549326017171208989747035490503552523788886494166432741155256634983317859488114164088115639933082597062277163035302971840359177258038174247983671512965134919571658722276215413913477402429
14063616846607494502837571893011126093024211620686780509961839668169745603343090576924319957403519736042552798022396523602820733620791409777640078401344933082322540569231080066784137329182777401465781144465838621612794178715293664046815873860743204918612398726716777306852186887971721157386974808293876983319

8389691795542720073548680528340589902308656636803349497365007320753033316307174703977371928748193137447852975695819505561234160443930202220454912860234872203927756566988935162580656134331253999766628663681822081855838549257834052526848988790050005662194681286790298109837746904239712457475943043834769695873
58874412432900484242230144597820547816577865294386408020334233526078871490202477102734176455692393977243801982957320355312762597807317652726568557662936321299060992423595611103899946264627960688628992762700393998497783123930916422149562231897079693327277032801397936723928939647425673319830333553443894498372

22482607774265133381659570976551592044834467752099713649781232684101826372504366281279930016846385191788189730345089430970639302112844822201965990116722187240854788576893473773888479182753313421328263577943426503359984260238854733768711876475150079159510098238289269245112812792518512844624546372459597171219
10869558329238734002156443417675847866387755290657758575601474351911563406153590056728046270358629131316893158249071551270779437992004601138060467540617615116956228386421503879844252145199397121336033872225556164807773889785999519692188864647822115867265830755738643499436752063914107577111071990814259892999

27074006552097596834074399087440869813376944820793426874067306129091779019731672831393652610179392908273130456689329870469254302910272780618978611174708416341100203753677045297566113069812981580095860938330537481644918129364469302963025431173107180420665679466045264104660445636442453307013722800812980627859
31473426901263719472313421961546553713131302295037357159071014771451808019425582905843108441691017827245672307398319702493749899287617082172970889216308042730445420127148121551592578834937050297966344558384000606763327278903490349944221974076027951445646768482193363419421582790727456200900862307834226390224

35871777161815834049658607363016040180622025892739612021998185774875652757594999557657504468389741268552209979390006438801687349598134681093591222943744475261025856811242477659864407099651953199404952254009800129818993334116925210696368171131204432038269107684639324621906570426644902259621477479864772942947
57400762054161998746569462880540070694450186263253442958843733689045717014871093092597767889487437168799900810933696939685920650111471740150749982728078547705313859779782063558658968842651032537630722688515445855531405104231913494869433262700453261600486059950983297035501643861851988517326161443360146051205

51040758094344458416834896226610383716621865090976688293330512472720149475566636925611698829296684035657273689862410935790745716422204654135114520541555955366723453858777263084492647484341385786399464570502229283839359170087184324742348076754536413001698319220148493382779981902942570650404860471655645657956
59838217407904569653358505931028970958688897934017430176339910447346286364501346433459452706789953084484162216068342630727588145645519053151054047751942234435739779738085884164012935636533494189732240030525579685689022051237328847146934822516207845558799487137485161369880808773321829771334181461466974275776

39439388347841858533771523111666369253739609189345836519917581906638197855802520418393887570340246395291673814103468173722436403027237013900670443058010035310483123525824091615517470659570574480247627511811646861628328299360835691429609876855688435385004438191291373075921515913337739275100010322112633936131
44841004779471165774494492693721592328013927651869388027269458798992503046591026810463949070667969550674168582175910773245100376778943384968602810899108392107058639135342449994016207103569585132019484663779200051952533653407569585283515187805271983119263336254767754261376727521536792755092315986945830110702

25463228251500514524364865987132558589727445247045133763328024546675935589496729769749250414114893370297470325064289828388993238323126744172313084429176230400623886330601051868233853912981295665360301025463148337553317449239565319147075928256894362540782840793978063841716042190954432558222575541744833539864
10173439162500709207649618172258555690683593838176028440564963181998534706594167815203653238628652294150587541975913963864119230648921382770468532120241073377024951677743510743615806411922847853952795747614570999629608062830101470468804495397746019596771410368538419900762176876851646341219024887151044165806

31942332429962446087258175892126953129039472651887279108678101750579689709476356927565152885973112585464830581486493746879709179167455789238908697990752760127233790338938466000562608784718176260952671900558947405311357407288421159648312861143139367357746185996647373347719489241364337060189332357619487111768
8072549729090910843866866796193021673531808060708805446177105781483872211705835598080463022581422068673975041383731659526448192650446995214053322280532847134065184903982185213943024994942432057660398771121798769509921674798171692800811100237392642673035335802496256515339742392731675989774412512337021639353

30956733306556791925785656737828643632842149933032304307829002131179992651646476004359649334697741565930971594275723591223376964857080481232430042267701760659865291203706742131398199028008764452870359099168585780823071132393573075540517097339214914203690325893387758998516370635178044710470822484452425992918
11768535853942997067644150009578751573659547649402848394384620587359045444861965178285079235158201666059766284565314885495613017420057443403012288199725946848192777589799199947705768611935023439426692298562108106652646575712207635173408464087262994872056573521713546656428379803380201060610677174755887410534

2892215226267491506688259306758089085234226806237669241309455403193641086526878266102105371061172567327341500821712201428148725881400203692454902001751999195125558431943241584588281711772282910369698159619765960290219184013663469384824538899530019597744218870678919862607671469456368231107271689519940407029
3009672136122323917375592492326814611015130578324892520633025077582379561046845128082989317608542436255008507159418556246268045011920549778790439663472869913885665227304037988957087036673358790853900523970960615682572519891110644378705407213963894126574156695764561431074194347110314138884353533999952587522

40985108118943030416462604664285695796373020143965113082071350996348887640071608390841740780071478426149548922878434837277812824291209731675726857605684177451661725549992880469597910059991894894238359202568992530145532424351968181158521048292840574178201721226104013912395520910062320623000501694756149733422
198541173950265817139956671212207547528415209330470757666241882780721790921793655248250849099580076860264163902733795541689627927763516718887838633437793345103616900199623662216880611053368476856234171316953076768653097612805461243546320575593261835027434893790205126710276030559144448296745367618730726976

35974016783756421699062337740875024346701535349855408841353996445949412749869279090340497395130886730167511689851684948468876122673807902656299883700652221484688988989925013075927817337619765996974347555641397047885526917901685529720568566409519407922933378569609793280270686310735992221160672759861423338399
57051583986728952117532506687719080270195528924429100733468410575447475486343460611842790818618760337944496992705665037397718757828279597254304082501325587523578776081629078619169113404825888210456715081196334625555323704364202518221885872591175633625872862034452998389708506185681738089578568661623098671188

24567567568638069524231962774028264083846303237863906498701734197996303862332730424332751791844739524194246723854680183173968494010342957328154015623381402615272566689992613151261061020597822345746853420409754111350559622904377465349455804656822340300824339317577168873553294374202548737514528722147574650097
60113749406923385255747265668148487658479595257611560042858301558219146497338150292369384066270783936028585660653399791751366893962831387718590202625039256683294583484240214351402437816847717644449804743407649255410147793143384894135444587896076810597217393233777938585754878582831601144119943507235858401178

6461200550346449981106952133243856085763290723625056720123335652703187087833326849623529393392867653573082849155537798049930574760586499425592368958720409852705911614599556649820437717657799770177892785702704737180458557881502478017305534930149632237358948096469891757385231851138925408765296613592159376621
25412352382524348677535227320099692207927109472830728095945799028752565102627309442736489149483422914483336074569224285470630163651526462905862803276643409327964555758740123931135586619963110057781229393056919948087214994384749226737643750547675269864693812931388103026605657334863665644082106387253291625631

19705446841680149085579740320973432511188041529113579384076779608623244925766066677423943523957051378879560234069373888398092170781060727299513444835998254316702993888258942034183394729888965424528298563999876624925636109573383213616653328888023272561334076381085292564444347445222945905190624479937804283250
12611243978006708863743603655029721516889948378535576531634394151120675205155425108517732643145830145108268278462278335664549999467147745571788878043946935732778046300747411174071328788822137996220994600415406691691352226356804325744332229372790780263501446739801710979205454067139315807688043641609154051573

51500792407786189386976754773252631601123408332679005592370367429335332785564874322151953873077316557305622151758818169905912215193193375873541819830756995143024910739567650241960137336570838465780786247253409819285247198971949280389462903962822345057422778604030396090016429297059174517649969076573842164578
57127941974507912575942977581121113041640153818270474074140869985788542919374392603063937659436639206114762565930694778903231391985994624146645139185363836349853476354029303885923583262946796164844227984370843812091288548836870763817324942665395379410923682228556467908631595662620091758066895136210338280924

44907882351904445645310814944276152882895609575040042507064534808644073577616256193136787228990101601080624102534587373911386697145622497573458539658017364704265291530167101937070521513277601234357627940096125150554148502854050087014272985867800221909596779623770563436990068524137820973725915954144985025365
5284172597352578792043218264917582792324597053956503153153033026944387323259270969538257419354548191431595533180075497877605778743988505810930509519139543140475319686281266910989034206100206767364309179586786655727338590830002649823929389209895226847471788150388836513814353346339948547930631519875640826853

47286381665585549743838219636685324637910052421296211029974703080774182019053067824013143353138061878994713497919440133506497116537803203667333653327744404876422780977273450928956285701613646829064906218210939153805080656357253024743817939332878226535285970119048708906924376007809206642418287822351071934117
33313423795394186004470671475757487925133797628620755149850089459093561549604353130725804563118962599988510517293520908865726268017348481327366542535244939376838706674962923774373666619340528384386276345896400983707511678645983577793345663961403859027082978143338514065800684622373164241041553216646651947964

47488729205330059180452587787530709845309309503457829803892205328064151949610656362978534830655966908377183574235068224814072379604884979727774861996521426765666952887690215858262635313321961137040498862806358159824211687406323355754021700671534419165493686914174040565959208482654287595009089311370017495851
33036529117126870433605135323778527568999094293403254156180908770957121532349841595561567220987069683635405596198214070434391313560732763917514572474609445991436004430517267575247548475442839149443642566322102807136413245549948442729000668260807114982631541711987990969072281630494815639448769819596625801432

59968592683882126010253999709636553514574493360327739166837732458354688817235265152929182743750745794371510735011600717497056672207314987285524327862841215857449531533684608014219771556771541810457868741416127373844594830487714569652375993692070131891221538506809921685574887386521514108007022528184926115147
16617334455723312917986574950695125674941857220843342555566198435206599810978361084938423056234024923032586389069587690516240271727695251483012118217302507847018630165363798755245862860125073538772605155438255073469955788996657395878507886242766246938106041527056565340680811762390798615944886934336661940858

25557356338606021910224484673731675640286145550923462036594322342986633787668028440891861054497863042872989655316762417522440921479344203856667347744371095470945892780329556969361742319793410663122701525929097929574539762718063773147347168790041758959857335955869019660180727027555785330820291011955636050103
16841387935266458991825735577349581525395922715120501993026258762742839640813946467605280451986593791108560826726660996033012254327318114604161238434477115851483895213012372950036304179322385842815459295807228414995194705817376367588816286213640330220573807904901786404552738533118381687502958212321648560653

2365230938843575476964442287256282407353005048371627104942674222453413452661334299029468471694452188283700859126114525017089509757025066989499176180506799352622236349682149854176087211789587899841794431086093545550201300714243338012117443699458630282080071381440717375635779717520778190058018635521725908891
43525341024918610359799650721140769591134853534215338468150201709876991988399364494793482839943452876409865102812000815423671624471981034625093156589756895047069747427008452474329948870295078410066884242035857308706521696482093098468308154366759798231968073788096961883673426344394227156402231636163578141257

48998146531609200221692089153403219599546091013943451710845697145480257691737432586181664114814343524522918880667129635039445806978197884608102445057881810150468530413637609515621956756746859894056546328063822712301979835467384032502965103823662170436521933809410872553679285200551818803433284466389587812522
2907043041279704859272420000853721112631053624736698885267736155775900043951169897429422011454446925730627746566098427414468870166127190467266992660006988857349806745137343137913072288362594066663889690366723561832054148945764822908134368299424798603079359952252051616539880557589903538608250436910408905952

43957216478653258941246244882634519018582177735795082544493897205810615823086816348522332283776153001476305461861913129230135051757357663736254017969257734416220509353120237273278090318947522322040192676849424667382434413173151104522168304670372376567131717820242987632805079155825592587685512158065491451145
35615552389313854603237258245968852133816681658148503409096520689120150386070379153266685643863684052249772586809363980910221913526528620384955902270469421361163851883868205899537933761380458680298840090362257563995645497709854471232410567285145817955027414357775016286007220596984473056582850105596083222908

9307427681886152093871816757193063551050377944202297187856796514352437405610371439497741052413030392881772593871559256407617202291968906431577631221400906422425083799319251521210851044866873055135377552441896778140239863350319822360553423972099728363836004227854841408606582663067736506144219989840309407784
55434420178747982003581811097987096500135713767450442033237391930957933607081179202124630773795671351061733371929926035534130515385225044941482990366084466527497939152700929122402792104714794136297480416899836832721306115506970843484287238271856721518881624467324937256769851696595629481368946550000906607132

59175762413778769638777826642174302083000350198569992735237953846545297978877099750230694989319909110854454107206340691266186192976666626127682086597251950045430139427653620757757105472179533694931796523613658822030704125918789397080768959536565450282345074490369989981316203151223397202025565622623125795471
49357708038742020599562539971154844602714463486070252746590228689850831584369197060325688917639380130274066310766403069608859297528577997293361377319125177604942228266098773461977274677180581948489181499646447499892751771145064130879972024582874051695500714093810930653811092908759638689029362103121401151813

49634888503759413381163664923169173111559705541498226484154240796483511022571642193624567645756025256407706241795341058411293407860440717463391775605124097167746815430594711089049990209107190304269418156606722526005090708025218467572410480425257715322979625245933419262431435666280520774063461226166036350320
16275942900819709594798514184447705348707675090416318527639188677896361559883654990798499773347547484644453447355088102589456341029851725955257118748512903385189701477848317143586323124023229367056430661318338606030325688676741566333723587406859075043945357049587887626841912049124448181284708600108498536676

14358785904442162908122587642135430021887753318344363131700199105894791361945972207950534407288135907260208362217269067722846424667799123997377498565161310037230781496538939681044263335461558003026666438702212076990062561701432759682741633522003127194456786771534508184855823053672799853438066392622217191189
896932057981089145936490609756818009235082115331277051043635261026351374742256557765550143831868624376126569454408144368408533292051933222592647197074684540838666256396963552802166276965954542029539663634018098619203486432303557583452768990112351666972058140717808402497232712194487205730062851603737080366

37058924532501060263572669813315681370252249976663834789537076633111618353250196557165395240465535249350306323712616778886724011380053265130297059926817799920349656880851334638555718592897801816007058789371957158599481229145836750075906518561615063435054744273554846361178613755552471611124246642284452243520
25160393002180428735023992272436083079562209270831906846180311831681495407587351201199241872539616618163718861785298074226999175290633051708623202349885205761977488363515913779915874586448282768314563249174219240800502936952822119238792581064925777577946195702043152038586858091694113179075419089588872728709

16685582259337122450009780809726518049166347150243555410316704896029318015220662120683205884660343820049963534420747898799586164126830401399467122637102772867166247619998544809131707337625573450510398589630552912019010633503769500853016025928079255310708949061568334211682897272072653580218440909599271480261
51278292223723990456507999874516521065702233928066908078519191154539122019580637243180515038334179304843995222332328533193965328027277742308054741023503256401584099543092817884938131757705539319172899073900531721945625725779809303519842903884425099033759219486126713666953492390977811952534369454032145508511

57873113422512981595310841210646462754954654789434139727767651139359539491385218557013572484264406519061272894638026377795815067130319749968943127403842033500384660824817887797742107981722450616887245304479959047229981426806714544506767362816967866930584847759303146855135458416863403857283794030191256452353
11398429672666562232527386714461563365182070062157226147933615148712013535681702566589482698947184617538562020534642842091722856088650516947023701103452244757608362112696246046029927445989779714996427631615253811383340685031148003402613983870943639740417086329727328107323786866572925452021229095100326053184

29414495229860819510996086451993279737877635271333306192651496180895112293447813894124957651510589017955327776257834943435809960168140005468769743407503428031277414251106864315217593467728573387927801524073503336465342481655310792843925802600354641891282126534113812165113878517513088783615062498453237416215
49190860148128442523929411993059751117484465406631794329905694493665542370636549661577143708475223746877000149612841689222471968963520492447522247892828969336897461498118066077926629549458165625104974549668395598841708109446237431704895546919113641123213506549913813786719565995597168580571671653300190851157

42444815865172861132938171035429869803785921414911650933281394626378830954505658562739559089336088940992595257183429963686539643865220689592721018916566246128949823115035955216744872330588085788520860574081442701584264511848424644073574165750879635461226399240031411501526780911154627767765962346521056041354
6811604776938699069182585541431758800789028939554100205323150773030775751105618758562480720402644275377648052795320316949354643695220946116113917221346229473653763793497652241265613528018911959359146221764577066240085395429625210476250414772516397142497908030202027947453667548930432179966409301024382353821

41049454539211726855070129556380749225550946623241918876723866390414637296415010884068832231636295033617030947438257359056582341594437125105128732897972400152998570965208432360295089024336426642900938755507630205900480552553755436398277231070822295698184496789822020380425407723375172488250771459216121798252
60746299828166102502688659097493330119026619806387709995825854098754757150278364293453950354262054789883527802925103418233210886769387848450680007088233211896756123919730392375109699352538176488455423200822686380405045070682629706563354654526193928508637547030851056040024714269752504580018071583534776867209

14359918465180531952372154247652697950437249623888498309433452737399472810422091769225899749484540820760454504246484226095549291160673454813631566387970746523678937655739779441099923728021181466444330602679148207596149808026181933990785518929932944714127443619058839242106472616332911664659825462734204116561
33772950203799385299473154373403324224448119926140725253998775457976897202073468264411446725696653904860433966923619399681414669286057819051180041044696827562554513914128909627955222356448269312846304314567601764157352188036426965208119355822755235352940756635198931220941208297286204512882096976073233932199

29517949295279456494566971105224137120994285840757877914199739371276840906841906380721554086169704460531865541571069581490434652709282694608368272385037670040262517665681467513837947211707525344482261904855758362687111204466988265804075160984655925498701074504401573621379652026437213175071005958888443186627
6136800051088364968458166439256541047053050334297257786288529884749260794120677150326021688725373562361317321756071660752244898825113788018249550312287338026640721443898696326454721668402300699405871035767769684975535397468831060868323763916530599148276352192668826328728905402528836828707227369646316104360

21548397881902084151694324211204206819617650401515361622861889926557635250771123791734543445247845711799732796315696943434967950306990325839913699136575086466581538132827515459278926748818598150411508529189596562823919229238242265930725089099587243507883184145142273186526559192518596197700241051755933483643
47407396145907150868839553233871691495960038160080399204649502096643231166370384724390244473279890044630041790171635253390050016683760150976401086853697452445828858790561292312523219743680091656254186717568400107268134525419360627924996379693369359541815102943261618842642789030946973579487472287496770677154

49296568758641975471553199394504858293676927797244050396824038599638335347057849245086325441912085286803496926128077936136578624891562930010133277420664301286840806527334120580751068513078548887656280334581628576968293387790053532094393313365018765367083159214712104588798993983676659096494681656462175844961
59190429605476155361865718760349462872302004828746324889696540882550096393597392148825939935172349761801574635793215656188066432229446018657798541677560084843353633279847654417065025452554986124423393279310401651322586183942294188294840541540315339448947210591153094948985182321613413562140879280885679552166

46283889284638717975235831031407938103562630435648969899148419070232523540069253532252197797151280775776114784040930231357318293059954820725650998332570495572277739196258147018018530047326586024525795562455539859298312115664831289169181091866336701928818863229886652545958402400253728598497023749139395037402
35319267055110301067385361430162710790160104476581727067146869212538052714759820329353515350276776562260191731163777394045369564523503183285699376615222165079790654349945645563836519396865004820204436807894414164846141735512965721520920699386234733734495294667031482918457552244999865275777434238717319691422

58482199145458956874335990446476046467595072356567765973711486957083298447190509400459883912817317668627937869488833896128841778923961355233959165022520774173310415444931433649924457432015415075393950087197031648210261446473790761783491483800620980490125472808370854684945702171430004355430764941311918309034
25848054048119528739736956778524731182093953728783816993552871290576798931191411611051490533065622313167694522389073359815209656193377166198757081616216556856480606797756029031787296491458800269447132533119867225364484438823104292747877796946393533434407312966132672782729940698946178436416099647718808422274

3385833948152850990670020549397668117324007334972826242096811834046283671339669743867794623061928762588880128086218087095390495935739199184711309118221527054791307642674681425661680773459552216967968245796667894962459271981373310037760289252124591675271896175395008562490143522705555362322243119228625223774
31712357391792599872104190950626174098778027152264182503302673584531669001178262534630261659785118539971116957253140377876385491746592386382978893563684789492696589313527412550274520116486833803512201246031055941069214435663722384706143737726342081399401115161262919109243700969528208388910903369213093816901

52070355541466496039357216014030601145160126585736956019534962881468829102296323862790974163734318531982932015836025611501736084192404599013180607516854640786774643067016503070272911366530257962506485699183402317421080762759995665068149979309716232691810305094610798925847652831753757262996039672692838266233
9056097268765741132733264686088800741116137235023216321561696923813766440465377283931323940058482021561272148480734462461107671636244726902250249375829131098511775195186330995290397264715415833575480422283489143993020122544008193243623248983337233980483188554537517692178918290428263583774353164321262069737

34673417658490777437288370195857505753527073524959548055883976140270717316822833073339146131562556770394274639822397010549541979984709035138749675816683891678483119909149064389486539852513171545451940513885385308924246935677555406517374526127308214909147493056380754200471092969825049181753850060312878970527
36413221398519464141370489206874041079352963948921040721570223164498858005134707746971089251560463970568970751792216274033991205028937598961855142296123413159318937894022388440508257087289524343062645280052503163629313474940814565878832976080763638346551860920142422293812731144531091726448062059784883480564

51231190309697916799439810793040491060851571539078443687986117577499689711744684084071230070247146551062625564640775373473402028608778939453720342438897344780951015687447879276653786551820797151550975888849125848530612174142930560955958407720224441452699923630032327851432538443079204253684293664941367206532
40464216364846240908092375614667879887414200751546272113374427858653867118448195602220782598071445873043657614618754156197741748047102935390333289271163995047885323962781111630663327577958026878508123210103346374097208410115353866844340029804636982203786595581194216650729292077691155002054507266854718663730

35545051816641886520260106118961880400814917977277304669468386534761522046242530788551320937105431308635668450156043936850582755275050682546819203596846905101569625549584324667684956090115585880740695474395206795303841428702643576756608197151019053985228101161534458506233328163536499959682597260067577442390
34055069677959593224379390434341569694943925886251326029832649454175623811431439905215722444543118208823268727447793396964237610148602320677435403139494873628427531168620643910822331412626629951461168175556677499825663414704084962638164810942851940929650895215134019027522938025889388036005918876069211821276

41519261374836764759226038877508383501967625456724895804229569366578904874210095919421683058748412805954750303719747316560623833291513190185137882203495889359294470938346534776472186241550353223426992262204695858876909507982846576868336598033672832008141208134068770226603263144697934349628596110789519218487
22814969172008338833545897215514972689367904365983314006972330224510510072653197526208523549746695515298039424757593573383219692640791184504461912777268055835184682199620561981808969876377335241219341267307154511910285169993159995030335345934612139305016384158719993637159684125252456982240830186703033640301

51119537421277019762270677413307925434118034813897639634091067857585434443130611674823219181333376156323420695756105452981921894658010218610144403067634823923573893004876885912827108307687127652133981401363871162699960565629028586414701370451563135733384757978566482399624481704194925892219275970820808743740
6938737010538122260096414068204141376374117756947064823684706792235689467363021045746761537862829497092041391682070042944539488702438626616489311621410871137066361141632916390102465304444861184334286498569439941171179007407307801092598122303629556641470822060737311696631173189797281191585523036333493148500

59368082915326647382406874538137394995170630208714834123963616236127782492050234382460479744858305503667899300893460849603388362730608662073010418862820648129740696390173716254542626834970904967434146601869544690922153565055587113848116526952585032094145886467170054431144299846214589832849250927455132153775
36588105662621192660386164749634824131114122724771087069987894558016597923944063425416458061759327507322808311661075163400709076545932083903200075644210674863878474236556411514517933808958848418050923915832025450000511485843790327935420454897656420791704960187151072741555726954349539655946382884131692573122

34981770414980994683508729839961271651873949682535289501207316505677818692818758454749453545336639205912491506964386920641234048669774622051933172257750799847067632971391841642940332715417871064378489686524189397880272155752442613545434669950116306468912341590413908065839044621191687997459947990060120211489
26275072620105630923376640970522426826313245288784081464600130551555056905456658735785890726875784003787578191873467570835915064463557352375709572850908488767903986380365087674113929080953635727093075507746311123421044519188861400072841358453773052726121828022297332147772013212191886457177733723005167528553

38925841949924937230250662737397782473291529452651035622131957861383803456309878203678014440292577423386050417512392094049036949492453888286948688556230390484617639833137828564806517369062513607806063985267597977094662683409342382304528442715906986497516976599611813981329485486200948498727194204505387644513
29235229311572650343386448887512931256342013736838328918649455460470416028020654388345779485082364710360674117688412738393747916222430046659035221481036232597770689699255472150095876324402041878070728395380391263263786705747016427401481866772724367914900672990070921128279502437124082624860062456554009696989

56195864684770821124016440677047030185594730621953878755193655568704390481190246201265919722802708788999091194561018333490506537585994968808171055012691629522253243357958426169809671630723155321912780296298903705305386492089346415491167295384036875828079396142177084278184626600553234060796234347505577480474
33072191780149996614146533618758195770887208803511618129135832897238886731320145422919098938147853902237237747270409397529389385582550538194891732278792755313329975885559234556462105020417617297261525893537439085654809476048234411242607372773526153699982661273017405780570983846138430746092385638883197343771

1203483273624210307163290863387633046479632864498537655060992603585961459900351338396382590733241855132853468550541945186010324533591195709081028965683164409349715846662128655550742037571914013361503347152427676818857569102649848533387644708255864016481474502558360532162220315197023168483514115373155642467
21037291292061273363862256923501647117460613305548181536661161136155820849115059247861131349572153938418295507152093647667582081814702257289480521423639304783336876700101720878536243520125527401129962754352184340531315952096949130694759377979599243354307441685557257577234255192139505226713176595275205026384

