100
9299343264999659392055188395570792855030274076859300804112523177222107173800540411600512469839433308090076915171404456399132010250229097641115783880705031

3166138702436870321448520719446404424334891223089351503000253738199464502379454083969085208655655836120687767981156273984739577638151677260720122468463630
4104748429821164897293874777475848239289526134658792514925960623270079535835120385667698539570567812132647388988376534514499147201207793713543649597921790

3663630505655211239143416078978386164168686111732779463172260907413336501771809290662808865965465230368294255318608930684157949282206542820402269386110811
6597890562806287625847171162802823322737039925923444843614102059702520292374868728323947666396881057525046329079714585884718679626226495324047080522697356

6260786592894280447791779542975265799794496054959204657030062866349549560394063883928180874665097983323189051278815955294257548129290412218192133562629291
4059992926313962243597695648039898914381432143573749402729046846714797508991836371735660003945473817097134325507664693888657709466798351948132474657989095

6182610696030518085847846093209818560087139170599131346900163745381907230760484034313598621188678113106919760403116441335063989233553964884516669109519178
6080979793073186320190429851018752359127292332944696324786052693454803034473652172000724005936679952685730673262292246397374647672786464204622527836450385

8507352621723547908181661800855702132577814572658332347209030545371881923040118073200352759059896319189785325187907307533746753120592030041373997336195578
723143059309687540912979380806238180177094272829573312137167985173020956705790681771108463711951731675843654103604383833194323341396407921038787368860273

8800419916545525302379876097438148726294333009599268418629071104822925652316440032571021878457497257383942560872446528761673706115308051169626955445578
1286414303253612775548173668916731065345356070242621799608457694240128702579442400673804719723274760610368508899651142968197520413663105273597463217056736

6962240407129158073336491455328058305749114617079834550128797355961859720606599264050492010382842928685028150196328875639065064330931502825734012736520349
7544511501237810439566886164094364196391698898470377172660181556924667776448531934331909917257479977939549181408096879799115417904643428843987235827973063

7052953930006568667467551488867470935313991592663790612036689325357293976048681029575156752413829897837937856298949009668952647557382012629470128224943064
2091703321590015633915209071587947458782902230248790618221896115004537519716277013713769467598631966550081845083485914002697698914072050601502983813816821

4254786674404214273774648772331344288199372633414485315987073442731710779056652235394141454119077359452980198592840543474177493031929190055763206882814177
1223528809930083974624284952490828864262890802120605784589210807594158490701755080516688969518399476305075073447910735282886990174538579669014230004197965

350079354265919501017510636793731335588050430374697435727788322505494186276490981215706038406947507122494998272800504652006352576835568665904388449724582
1766725034029611828696519992374152967880617974787148992493349166449888123954726092605412473206688100286829708537852321092345043832992104077221866448800273

2852964069995809292618757442332115219605325763442781544272509812756107620575198664178426644596672048006187709717167985251571179402148945929613078507652942
1027741379656962421434684528644179879101751508113635261462803406846595161607359967419974924213216538131402195526827809679257556182012107306344977715884939

4986321810176257928562111878385931195859068917574331574124685260519889769419955249807610487528551671158181482290411793014607720160281182061315144403388240
3062370638959094455642603926753706739474668806495450784958583324732830372738390611005173373106878955461411698232612086687785135191093681968971575566114416

8459399483943708684124821712982448535529891373832260068151061253450511483128567840073613904558811552460919060951502601703425490292116531837253600391634873
2639812052980265426492314509229637126396735838648309056162775855812239027437544813731137400087094020253332522196339875565223240477229556835794058465577434

3678692294668571408610035273129623118038244789905781203205841982650509517078055782760716602545207119194115947504392536341453300993684986828601869648806062
3431757766276865400814505332864399728145317675181116375322714882049382931549923088999381852724008163209747184478027048653649419753852462520947448303618510

4320774193921664919069086739003259052686160851470535078409044777304231915149296959345986306726473416398134944886956383809533492964897152216134661132091300
3468406141250966254539331507668426724959798528510341738578692053209717747127327000360156954388194170832684756452969867417542853880803066321769012405110190

7789641336239985940916303602078047880555497420328947321225057813114010327292672640184251635017285862234831662882088938412990403221199481448339981509441469
3766139300788783747816017411513221620664996904248211935009633029030089145105671368499562650749604599739451299207843068130074542924255641658488036166031630

7619949412926341014767140865625056404613765225231660106510675295911711800399666277679643860282593262008382968789073163046292060677446017114093527518661141
3830241378394251938032062382229815081828511727123465003750729729794967417524950230591768697608696150091023647696236286552835383627160693084868001769282578

8087928060023231558188633914232651612572657150268163694294102460696037416727321223250250081710407241782689303818526984508772674927108106049358271936275064
6557498144258146266250987337799185089040888844213545555248488321056363372433355951766219057212587433937809057541952588231101777698639647395669341289543177

2985458086850991180806018746568871824283229507908395497243654148055853480966840603361822482989066403569719644256769159390357120829899405153514205456319400
4813780876288832544071495472631517856951365265373008900724261135231958087783344732110333495297215504337078288380604519136564274159230140231697582298918184

7032517446879553573309116363551321474528626708524025052033863773863400956311598713555219572468879733008048264367193475982485404667827388939252645584480088
966603298904623374767775913197170363816082877700454522386767744539329785788004115036071176794228803566338629667149118265397528889089396617539107739376409

4316256914986832693759823555783396127789058388032166355031287325760247881765950097661489490433853266569974316983559116420326569198534232485805092275538629
5246155529529416620464049059299311296968449148841690317029890655671564113770257973393802022576206822943933542368647602853614870243295622926244023024204143

3785935571824032093898983163428635087783036163810866171785041518467613827984130832407483765135786242608913376999043368394844186991141555429556904354590724
4701771115633611151916100751088027518664833259059842348333803997318970006625849269724238601899664768837397552965575223689886779282842603032172050614113556

3161246977596335565828010217867916207390019068205377108222255135602292766552647604613006280258258077569926520530183226696615808168338111657345666413266826
2345702279058836326415420329114379907370072639024897096569368082230637275309527466735363123302263470105931397130560314234808575975731909704864172519689485

5144041806971159101754344878509805975922106935282994167025497411326553831375897309631245758743749232322105693776147336705288816766616879967347776538448297
7061086310575896110392600117025309876482702489596300531329936212868273931232035796491301240991696277313460550385955815353602252156872569315380785029365830

7469105024332888993945471655130605497278360566789591598014728441081403689182097142137174397604111559540909042043148452616284426306973782097138508283731937
6432017192395245410504309947243558856226696272007057396605952985307153399762628853435748953978427292880223692996761947039827167641489848676945624179719859

7801020206850293648289935677838786342824191123326978604546937110616883734207199396542987905577460427266325759793938023052661296986928996011651110519448170
1653747043055891462532035501188939792432977631560881355868564575546793600042717269106362167112973149602037272970134788453433958530385692133023468271779964

4837837511391348063748858371632986491010455540107362680812866415871720033683646252553082643846051487391554195428193830096620168465109484998963682545685803
4675214005367877709163158196545509689824433149259180719186127583428700694963969286352615158747214242122418201449247708025563119092911960361104315644882496

4474645913294698083484008359628645336256823209241334538813952520090359501036760936990527273257796830398892519711157033604457461073429113348368531641328016
8012840833448515192060603733957121460803386653060895777359141086295250571233445049125889973269384750599357718382195151153107321927374270700574853562047565

4967990712535204452394081355913540522225816168428552009550577315811091654570135502889521970119138809460305051651629814242357167541562712061439671025250389
8283351033361185445761961754086770361602473308590923725886953967239243910423892138819750660302337772534411674151318460203389267004037273941495811414256314

5579485743774928024360311739852209844921844444959658703675400925944800778724926506551827845935273132141805560778934205389895063048039491778063422432849575
2126359368122538273313647311760820237199124636199971748215397621605214136467534610086070897997652222916489226089834776757821541300409184640660555649505884

6145193137897653955263581459207739469626072929689722328173932645070104699982721332382841418417931675288934296114207040462673776328556255584021633665074888
5751761797496779243731303151600970113306930162772275391094275896967039759371109152811982463264701206353873232194206746148172776855366687732448811840168374

5896147744932593012746125115962859324572313432044812511514250152222459657829747682326368922086576596909432547406155915287555395462889848407588555792407410
4904130387007664928914376015527275852370084940937439828438130987383085520930120423663932900668116510764220864883926579370864700607656665042976753397122261

8476799103930864250972130533425047826486453429786655513361413944001075418098729860717623070844782782736153540496736065310774589636996766316616914705912824
205904109830664031868429133349475132599723674674221433560113491577706131979154528512185994397352042428726547221344441309667280716987411098353577652409335

2324558324491256525915019798793735993999525841927206800395907048332820908718202003489945768559839957561511856184181820512394722228831799076533761137367122
4415465322535061709015574239272296706123588548023539284721828709695925401569172273861281488589543170098890548027497901827970819269761779329446344935418527

4442057576205776788345295312790220412985105475896798022116648514477770739017440443973719502827581441690621420762208545021237687002162454957681392828907205
5524684370242360947632998066710970647946401807421688998218572347334784855777866275433124322319959699481545675412497444888431475515814924512954999546097353

7495556049598793888527344076636419903217397506054550117049369856728731287455114579100028351673546969510216046888078155366766516392556902959736522072448355
3617446384536496729671604688813086966829192579311636259601795612077341975760083284322835136093322617011297289898200133092630080403681869901653508457719642

915351142624308466041287365746063668439999991483428275113723867411649838521455923301574596186957526217591729104297145467871018457946832983241558234026303
225724365659701161798226191504952884832167166473655168015432448374526545260440317176957693727320171228488721755808040456361898114147559386897838234674241

6176946139570862292758358091699726612185203011633562769300631846483525067023152440902388280359054075668723647775539220049050752993574777337939731795336376
8817514525428024151047438522514329336167813582360303781902197331272231325009156598446288292266262590558026866208807110454719403869829190616489130904374096

4349757243412744087409381655208236648923183968075375844008785008297712039547839743237604160089291993604674412125739167328850412484423790812561456260267164
4460376358343904673940603838839259014105621233151133207694220682106468886314954651220752657626519267877480244519557638200929735583856270090907386924028865

3901751519846064914247218901178127319390380741129367437680343653534364101172058149335330566196376365133800120353487771382890352293141797579056462716891498
6060509908508352783414485103036133721472504027320413613815037476856269460374055152038011819944259379420521341558388091068853748482927996815002056460633210

3766836555680839829972885524035597746897832192385828177680863677285654660998700966457859963273536884641899290787536576030169817813910852726558838304493069
3153335990713900675195830750669978259652194656043526284917178433517847312004149462369033373519503045816883573044047460768390063396969160356238035238411810

5467964631555237926199578292691661918623087098134506722945591226529375930214752725928181098542798425434467571926145442793049941748888288078591618910946120
6975495743138797310029850040102259548071931474106165456682991999930280784916805537403721370178323808478291429284593419723004225706865054219468305220059822

2074137752767407138816753238150534608816964734081038379325420252662427566379188760445519346758584341832102724306302314834578080989544242500675676794017579
6629681694838469388539294207329960184801108167675699432029842513717065713584282108177356310149711302440997347422475263313380595809634769792719996080006114

5512907112459275910707989687486731931528297312433229735877728280741972716496768346550979024830672519980834030562841084794395820992405686904747399003691636
2246190190989861522080015761314543988549467711862332022718840429269801033286141809332062954392313938708885061682647284155056422834415801873968995969564679

2697011881384139919570263211402334086458526737018811206284560011393522287018176003830954544295094525365029873820007027513993264326564787058896082118314854
704919572596398792729966584482303797281920961682579632319493430052047460587913309221658647567054655949563769803994315315662721618485411199143407258691863

1242480717626521566431225550102859965776294658906652335600442467646769684953620424089938047269245020223691308245966203914831580042766716071200572793549912
708660795256033480102285460419990452861962505884689774365610126909466825473358661521245283865506458259733044622196285820157397576004534667037339143698547

1362945678226475518126397461169815781989324058495157291382421155760745192125396446610326017413121096017115408109285783690063937091269669666216642181013883
1810580696577360080187088230753336148534257770559691510956589847167019053814208785650894675698434092786520399386883162991218268780021975211271439530088391

4192591569652700746429540295924234507319905339869334745728258405003982553247184416904398459252001845236465594141371626891598751448378315728476497526841562
1485288397775812105215505469630842034899054969079547817131113355297364907930004320903886825964779945968233281493709181270104724677830289074174833925306537

3551711589884811596654461083043860219141271069015083086138086149978446091737062023081552740119417273621107378993304382193859540980236675445244599134955284
1682649868952172049724315589091793102505441140746982540910715902402668684704638639510827924972051222123265799547805135177971916400880553853883349430413703

6115263508478487416525876396896391276499754741443286905532201443443992757657155692105318068397367149422872400278865633856339513803645247653244054266233391
1861479762293640424732248619332243756195157249438019444759450254740047087950127690897879754212568550274803083114061264875138786713901307912761238510528885

8990234483119636622705582477486779103593357016359156446763762352773887553168250346984289914655463570237416241156150786620321172814672248802021731805943916
483065911102100144250194668384031760623899610788918996431012911700912630632668710710091931834792244582462926586987500535717586444731725099942778662257184

3970179701430174999616791369202564478554606919871509846674561787563777312524513656864635287667677730312968480508767247875325477533312961534328938742307295
4784384397620191295477420832505398438144649297545822219008565145441311638679007693702001667085407849531572226857654387218453735574852390300281145135257221

677981756634897806131845586469687021061916783381979752689983050232002293557442140532991381335223699387555880888631762838363773762360066102504061111467704
22679569562094243940354448461483260901932754362421147452786574993660492059308710568614017510089293269223169104971093730032880964569620396052939619375782

7770483502937847881666298220836297511474790489281794158953161863072871163654388663966075528624947652175802592444134064955034508006533872898170336488970217
7684956983286107602940718040740723966062313212869100087717078615101505307903503783846657643346173106943434949005050601738992707890562435780058068649572074

6106887211681538933519649722428055620773239865901966672463577529946309508811807816221645904708106224343905219406085491609649438794188498598219763779686881
185532820110968725751419809206679786495127141846174693787528496452401687783661481753025752174798835067952587490468496423909772936891200409931024015130738

5567597943708594646943150943587128629099929506002296027365301956401293388963107691456118364704360632079110380446062524426542944929951034213729898615452769
2420794763757677669471752014093909157431432146489025822447312023450966570550821690788545944894552457936913607019802994663358015060069441171233561938256913

653732853520910338422340885021472230153763781915104734081461773306521834370915651174696375748488431374476591197573779946357821487108165925930273550224808
4327936693857705628644328153088945315063095246964322324667307758559434759188141841935815385089445313145891926737042568959036841839460566912628835944002630

26270174953228423122434869546580856266049417649956890122285621826981413188885923197395996451160199269275520753731595929690548946362495366863896300214228
681170333472655366396824138765396104479401471899458762030700250301894857102911218730899105026557115751755144412024603822795482852193268576240468698838221

1188246647914475677480923742383390017913740138461335827454759838085142741301829845009827997622516838646433558214727856679743723297974260728012571895451343
2944063909797385691469249976763764321305237022557357577889171200729185721410946903654980586000244536712774125069584619512452610564563169473534948881923865

3412079702803824550873880119655908892655118247064782563942769357724186784719212028812111868075394715568796476331582451389271576402256779465234740127666259
2322011495436435763582571457960103950682562161161558613895362899333790097999498945004134460140803822876493239955394864902828366949202102389649765339683678

1902866948895988506685168908004203515089250257546789649763612258539673836824248326656977738052880446244787392159896254537113195045261366636829670987502103
8786282557617662350330242819979096814896936096664340397937043398321537600775995225295950156042425459804716032827207866077024077232864862238573544232469637

7168343488721840116413794197499086788064943313735333861410864625929604379350398792527575401625714836863786570923341288492141244104302920159369002519009511
6275032862376875418167017122054018508581083149811254772562945281838066545144544686260085846167708002211342101719240966155189337872890613784575776394318669

5658971332456873810833086746051646188556712441490197624292274854950108234554256087355804918417316218462352672424983583571218444625649453170890085640699015
5471307014422928451390141405015419413635785155737820308884789927805391754131094170071657096442677627700842783377677227483366669556408446156366779250138094

868712812933983228903935513903445043157548712448004281979172101457688678179460471112445082788720779090388569325702670707384654120265428385230713660530516
8947006231237837904925110123816293927612599978635379499070805489609037426480072656641570659155251054208859598346199755639109389480136194178203556617060562

392384888650886952750431821024522966923215579011341918596803997815855302052060085329852462742376848203359037355002160422129714518007562916572703179738430
5278355210661770739269552294147849814612380173112095098986343421769381789358910128379983016143944685120916616081517409293799859665115867598553720185508339

4620207737096028251516233464841657781914125632327146240563604164674146859345556600855960331289026268750073991650550043031386253479491834228286328571076682
5918340879344537314911736500774185410134327036725769524427481783021045586680736338470081674350333570841175898981258635274955511322201280097846831075733178

1334060578868180762855617583300271641818081775726504970767643889564380692579135414483539002123798789804267761532723831947984256257974476724064881044155228
8267712687506567140192294124547711337317434673209113197488235655872518604120578221067768384638618158973750499362306866130757800616141863071454980363185737

6437527805609593632864239922436869584503582452163411192954589763407296788497166519671942057014132985822847007481253182890592319941404582311788160481575458
4284079913095278021076759713165176280173686969146937792140923352557668025867105722499775007764994877986499213134330234118117506898926333212480174921356584

6352192714687466446298314331963268765977202502086060515810060757672757879728798059812731193656936396135794612968311213292505299649086412312556247543964527
1822867519174493006714825387384050256964054540963848084828924630201856232577085596510123098630039621514097102933227653201077936610812259222772421599324108

1814210021126076573569931327056273931429594161123225975466479304157099040742573762237704646048619792656765274783144772015709383121604229489443683125411475
1015660734739711785329810695385308116136153095001666219930666382584625952656022532912768249204086561516905662200678192556287822660062310463020230285183647

4728904288381663377019495182682157344740892600293496529320599466113671758061183402227674856030492900461357418141776496135211423587353760411427199028131733
1447256574700179892413261318302810513606264017175666527954231164410009819040989353675278125051539014689710777601075143050405597944076789314894798578270797

4199316971463078541090724993381359897644145041146488381348813489931367714789909401427274244973585870846338537288158372088022258023476202442670793191091376
7031276830414132909059826610069787842610292967286500111834934618854842534602892342782580316654274456079629963671277705329676849674357840757103038119810838

3298311125770269402175049621811183129938264697865522485297118764499922944873429855390380957569161862718808443433036440455958077558232772646610507336379980
7011618489739640019834270731908325582412506930057809095886214878640439101589851377935974611405634640526730802073790963344623931277869368034624246906056183

7110156404031681976905942917255467063790321369570791198108636967254396971073571837956676607770047612771007547559092220124621735825270455089102638269159641
6399898166402344687956246305042573581717316497543632051852770590090545700422483951750951237687618030037611175420309222990710792527889301046950804588301951

684397001117799706769543168011945634801125759945225143332621497224733085333275403758035434464043528593761135767760366785011435662688494275836892301341100
3844012427637518841668330612117911034923834687705825936037453594516229621393523987534736469037067354559302138011045691315384616766447523033692781507732898

7937364870087268195031122829562079912941311259219411311805710088215899755310455995860709173299883398514008277069404898272424902673951450954765650590040253
6835039988285249791222424229585704967433054324195938502235688677246497706291802620566588208909718901029392588135678049433680359744059891540006035939102937

2287583192761173478774367608151764909888066839360541354786992088447452936162457662476908603496192637816419384483915240404376163058448805762811253471831457
499122217588638827297869127314569524303968950480385094597657488453547978136413699163946774543715183181359281375799320283653107724423791226959903771177913

1560389183263081184569757555129147743492357598588560820026270084469741900126165846215848587827745327103532390166784358657758991416921242155451419672602551
6489949779202954844063664917423974429898851015043274150799501933469996668992441353550305303621858355763142189170697355693069647419772984591759389493315076

2083040660506286408907826876717465631895450521153654946448992000998445445019310451593235787384662170706423720957073922222075847301028690493723848991804206
1614635301741586261321329473792101868001649157766315275735082439823139564733494333004432244535834209111205702187188538956081720451159610893166226005064364

6558352348567037639728316464701966375659669248770486781000741685385357314041837941158342533628132910992657531647378106475923215950420885988387411682350980
7475751343871661830919473069274122434306542464837520229059879408362600686921274621779822413808853552114234428002867153240888469583041382554901422645822650

8643353287398564411640308016005864595412818281574813751884433410674581889619860261694586460035416563188295366360981941860911232290027598437612695686323786
2407692724942370186797754651850681586430085511432824734110356623086618350292391133075782430725993358342588613314314577690973172257319620181978935713669885

1064571663784989967321244414532892631114343250472934135593245095631514567686965091654887160947336421741510970351051650575718203197189984243800097634776625
8352535193412809221645261133218777192674908408418894844376739751746905383389578405335183393294620827969773844212626224284525344071828380524061709406035286

7297231789177334941005586792556161264454383937681913826255746239292690799912603750677736780358249562789879585133596892889875124734340762662586077509038837
6862438457363751081657585083815357953262900539319956143497244620356174381862355791113088930213013966019127350501056086817818078215279184053912829611926787

2054926384538322622645816631082121331813372995573444844302554576909418310094223996971229353173791802186535620698189263671923287776846899715758047938565944
2790715506098702320610925152252339733280115060992131680186622884527031104451514336858737092785285603241162385223333331337098527690749918626769326404367160

6000925170636203162600029611734151069882635287694864281611523051841445377095098838746366263152051389557921517613745692450815613301259631828492525650924247
6096281684183708602556728605456754171684095368568715342541143895929487157891975783923789562535476793665615517559287858110414686207376181786431078080886104

2826620196682611028238056090613312826263181046940438508529323843561544586910226304649453659513123343073547841351224043680567404706537745643283195916269748
7961034088633704232944219248518813925328331759378722934648098816563685075541454552844550776399966133809080457519349723442649647823160774389079313194214812

3507851349933320109362480321862324497897161377389435002085233994699864330350495290504754885214689495386984675761223444312201061050554949375593600883031466
7346983304068021341905741762887926108660014927350696662494833995611291913214034120361631475164246637935282983204808656588267190225923554184064041420312922

8778945397296658771473284849366832537056318548207514054374960888347592838456675613211115658613242200633765715031860068281577568456379192880041018155245507
3098326919184978183947743935246432069660059208258517400545170275698396538686694251040849088449701760575876105403436823023851295218181255214756804299528265

6504146085288985224692508344293796525143146601486202023608445513610667512698898722200142173581447298937741712636521836716440423772623085255592397877425671
1996449178485288116207501620609919238743538401270439370544597134696996178056022391492237160610059498131167712044111750027789699167647973119945701671353750

897196246114594704736590211276472091321403863982632647029608611025494334665004632686195513708844807187726608701035897181310423610598834775766580025498420
3414975785108103384572031483966651820646273900069614133895273187856606943548351045421022860898123769355204257459738585006168993374299597419139101828958761

2095121488781626657018831418127761517282571058473927461753981854191375002604880692198650668488584784590110311507337679218872290224293131473117787353285539
39188465393025230636244297395140262715607573625570715390742069352205149773274456672704639565047691336488850775483376146446864144891959489482781897030203

6365182980155621453409297637536681723292907982028569544865422401041511085075445670319908481462537434304054320368442791473369721418500563549814129635457231
2792323914842640065027752566793514586198764859682458972384979076087803487084064274614570135918806468452890666229981900070280200260590240009965305078773278

2827055538810961527403883510305417999478228446284378163101670019552633938424802311047331954895094124817347232190340554889616443912315514964630044127793465
2810868804656899618093963225994505092258353215274393966390244995388021119291382643948699514191593143690920067561141408077867830655864886876101428472637024

808096205078823527535760326393352691779897150348581179378718979350860308522958621590047640625763713779590612189209440474116574260522188153060954464704467
8523328204316947411441553789049578598829258698298633643003201521034611140684309821711969791278658528124081251641499192787119575301078740150201916404922263

4834623782990400259472777108211468395977806571592053155252549974915874840128041956161360684545947384927871508783463588033915465124551076504630162980460487
2201407334890640967078096821050083658687859709213806049137865294117114876923298453740406032486005786116744422764874020666990026192566551123151129734168704

3136174451893635537399587482506693283457707151101670751362515690944164692920944215010265515606273756196311151458084148686486785545054656932275609064715722
1784286327923754032253205172967925076766998007142332705330750255146286349980214750185160311910288391083110293078119389946508100266167935801987565792742630

2765115713170319766702656178653326135976048259285335910405441983446754287455240506399269155257603580904579728606009292124535795248223658713402942427021943
9145999870618849559486183048879751369760133840410987249295168210593698914873041905111029792038595550265152937253602791478331770909261521839325695546628468

1464448237030398769327407887031131392695600883876400785503765707840322573258869167486703718735646638163528794445890130078803341035879022372402641264350664
3339373210958907227271990618093260101764331438530655955288953911322571946441898664203345004042953175918904642329955811885372842572695013505504787470975894

1948173084907251310631141582433087185031533442590548084613570068295651012327292724673662289150149769124785282753059085463704190366116687464379373539130979
8830174854111717492682672604929096864630257556426880682782775299649139168368374301770459121207571969714645929413238537027686755386355493760161187990872218

8899593059224267317696256144337120957210036359189232529970623789817717212457603130753547583279778037259626787665017127624783664402477832127133655983361819
1796137822794336049227308944383820932743119502911467726037064269949868875212422242795056203544076068922743026047389492874677970126794455527284314934358352

