83197730532843489663160160385877140971472839944542681408014428771298412865109
9406466892536001000262473173953370406022087860528500855510916912387646334396
66917599421935092136800393641402907533931402919700841638567237449437728363735
99131350752216218297879640820271714610584853311239434375828167762015540764755
79478245219632430046807870181112679817460744495206412409479871815116327351759
86588146705874836465935631051894162690274393862244740919570167113418803941972
40837799392763037696029530953403663014447638802699440004224660415516421700490
31224342641396863352696395228806232495302521299927951432193148379275650194052
3473803064061519206156960573334561906257308679899484834105006888342106342395
7081956597246386261806774554373569167319446133365917770838917158697385094475
99844276990600602023023118972001682169496076558252636537812984088041107548598
46352219919576077968969891113893331195646781810150947450245003268747060225680
26833484265484607549690183059023632281578540568628197205428228651843400239127
43943794037025805983917919472921731365242872537241714635404028403251665558616
80896874206302830307162471145625747255767011347595309000771153207039936845377
