89419223298113324889914450789433169660229312518007944575882334262463265888094
28539533773530564515036223814197119268915481401723582908566122236702888702208
10856688021059349693541780847651004033687089564106372043885064734802895370076
67604371563537235424340496948049767682257559332430829328454267183178737945306
32687063677496963063190295777513152458586193883031328017114782705569620298590
28925498555211313827354764090140370138919989886189935939755678540764737022031
48837495310365932279431683764347412516300869877357620871569706815653514130503
69026769509131134369640770123278866800011544225678644129143882653313684134030
49696771472127079749201967056605330028415737712653647223386698099024769510063
59713879814646705180840819737567443375139911090846284388095277396002400014025
47933714229642064662824691900956449655867904674088292722685919446880184159796
78851411173307564436009874773389530434847336381450979171006840628839775805626
47086653266601939347526524677521118474163166525008266708469924903522110506168
89389043387098621778777597154481916895858445220253773870375815900248361540945
4839534861723453599934473281829508460749772793465308957993202305006968826896
9418885387432489991693530845942468251056038571608653174984593076668850474510
20632681764303707056743681470212502527581078319810818020389657142072184452508
87405025028035565179980808376713483970094333492062284763318980955782474575593
54078033223966719815205656042147376272057496865468754093356235540829122959336
78711978819477551540929168079811192452054177388508151051491076915431077066309
22935320510486078894364885350364800172258215773669826905821606341396541903904
2935656075806884590691316700754943175332415402184479353671111571379371403878
43929679898096469381767976895936433929325193973962892574124105873149066408814
69171675852631651433100119529561664802822310877168411416871525819547036166797
76879750454362577049477939071688787942764816117380846090037594016189276993782
8089401862623049118077446901679216773665706543898460182831893023724231547434
36899177349787072746472486779680099232064413022849000896824293390774373608340
85207044353427148624736427213952760156302711268696773123540609458822659839156
35169184992606087035306200912013846836630065522577154668052463087535928376220
29113357295889690001790923369016024981485239040753574382095304125953018017360
34384018023596320671868098944526248277269988298546449872458192341353162982347
13222057183725299203288729485013821944267857980712840760761252864649964315445
37999012766645230740150595504821978527029900234852525979204050640934373026755
45825537207215706351946324196344586657620494138433112051068663936250024196019
78493178836330986731638252433427016526692816262352205474457053993417578081438
58675931548164040815477691222860862949850913658427055452137786116885201851013
16654684051780166772113722153436640337053517167873416746152439020551062967420
35869336305775763071541530611450093530263006446412638289271027603322594063672
65120466576133569874513640899529870665125950786100505461730795203826104393377
46495998904565227503966216805879152637577871746774284328046033148415330411922
88669709573521742342292182642731989653825024363149255482675948145451725211956
86621108564700293558952121794377954085146131779928336871922539699409349403842
27502405816420244536394846678332906532441511325154112157936224661205229048918
83983570094124083868273520876692992692199644231989570527620991206330609670758
88119831383780773568250003336196201625065211223454297678248565128628112207091
83897547841371438142795566640262154577492219005129972941851618105041037592134
54775767951051260484268758005140453647774736245345182582315288630532867607675
52478964892708513736091121108416798803454828335644170605602443455586961937492
4837332599633530810541312034432058921304049987223880523452711097692059502061
48799428810861006909588030247318484405229679178392756775535709325032101678994
48723961734712607870229506747161498619803782959065307032379621065179048619856
48855411635312644273104047121922063761811374498745013537090920347200613442599
2649492229638006912031517404024364876918044585477223531987665868074249329403
5089158118566606333586187837934091805133027329424701776438847501802040239717
9195272923132090568792952336141850535729207995691081120671557443873917645945
50698933374833001154377468620950430525081958772419820433643649903382050629345
72401814952439105764819672573794575775077171625673138780033967500810509380127
54999726953506304619244044413704961352989386579001453086402886622670404189830
46680608485538798319683840200730363195855305363186812821639306062513962838075
86659870527837043399241667752864778239078346616962187401614946858557985114136
47938666179655560088570376837165866951201439708599447621300369837134011005873
59219539735551849311668723559724333201278742506248479606345209945449071157461
63097310273906938404434869147228395484298488772561822962661603836999486342292
74160570433967075464544966174260731325827448695012226839839793355746407823858
84272491347827968833581759018546214642649800200167422524586920617955829628145
26934942937269414447727806491014367677961999390999878762268428914890383243634
89103304544988416672824616373830425791141634268542473757120773847817374016869
54650822375430213224052341645616796588294061726159082687947069489066586005700
19944405482738885894825696122456609288174627381501116252297644073781480271212
54526799221642523822110604365851442031519955397999940801161673700845018578996
13411654332186590699174949300347970150604114062588839213127024867684160402214
18286918065666659653212611720618274391488480576324182308516100335719155927143
8918145950615175635873105682447931235825444910351325124461575700555537665963
79147885764863370298357910933784576026014259928263138728444384243623216569390
1850335825846150674888488352452820094508020205417116409664952641099628135043
10478200102211994923256375212490573481157746017152663556306823323001616351102
1350636314539487431007751177402743214628733427650836000811981947040615897248
49762824391639166481555942131747448344829658754083662788361485905833279341285
61085085138699859645176852432111322919029915521303421301593218146362365920725
16609585096657033844968777621199786487988048986303513759607331722176549238696
48313403933023456767851072970041581705329020575466481824773424215410914522280
63876394153670364291729324220187771375988656841053161314446046593037871719999
48962820799633220642325968191503844867020254050684197822312022167055935515136
87567482385217754663671203726182188516836257362357466816879811864660660906731
37779495052504233144831665388736677624678445678449957546725307794189719597663
8756202741862502516620880218302648981053765726301424255653285203937099150611
86847417742476555025378135331002078116040979253098835453100740099466110451970
87598474674621201918634465912117066446774197909984007914973330396667033481656
85115938579874114296202068574778842977251760340678246692303200530487920295698
81756623251005414988050921047719342688846915906897446574876811674218679547523
30299947168921340622933897221017571281382565116082101914878144236143289094839
50497077434906744594852712539229066973689605294218914297338048368169902391510
90254091114769376464097112842167711293669121997588157747203320768182322277605
49527079854852963127904055308502460103384230035190352522141666023189945582781
69532934250169544006196933953685676942481302619725366371487613559965547165466
45903842660710974786995440706141345009529705044351133288772388103415083945716
20256865527014271760505644831119863819059070658602035339498190607663047526902
9851367966835278823760154545340299370004270472383238878903939922550588643389
23227207081133111015965727435852744289965134227469296068888122070813890782769
55160982407460942267977347087183623538780826760312414082445579726039647990301
16123673634304706611079166730003062571236242883147751212999948670440359312377
54633192288848935368973643991051923649154445690326608278495424478885123351266
2420433296068428802389084524127541385966749551407068487067807212134992509728
20208572599880967454912171760254543260437996315593919930107850211806424696345
55710257330594327905503984079201894840761073883211981239838107389424976028570
27131902521859002911137291436247443445490593876738319231599183188262922491721
1947780374458836574841631696761349058509022797983290723939189544322237974602
76547574874365433373477609361423895646260944620833387133835208429636277573505
27607004265911186455544558827889222718554110471569784711851645023647642743404
44475998387283735783836065259881663958216244184214171025877085215130270146773
21072454834909539508022382710585689050787911754880904272447290282120091792864
8329472391386646025636091153331463946344277908342341595809278784408965718737
46996384466203352858942144636112173434549882326313376381164896300114310555318
69406509605329323205861700744323209180592568182962879967378656174362456951056
72401722394141071627136536024107431421508255468180201006921459065198634193614
67346306327627958818642411664607650892529089839108605637349640185223676156841
38206574510649023151773912972494754557644496899740906003297658280671597465114
2801361706154339253922119470530582932798819063647602285233553032085647778870
61825452677041178105977711091843591540102660391091739182328485432339533896267
57987967906961809743307904515804428523501134783878860885422062748004397444665
26107289468785551068293132259605933366955309815278920799960554732285495410246
15280611358987991976663323553267439510205808115539181147057066014107666547458
15386842955884471591410434336581370719912266432258195434421303238999879012433
67996373503555485812094425169586526922017945747959012549665259911794825916486
13210325717072974361451430786115623595024475593810298488205122788449018369149
50989941383654908167021552422405097610127782872391753926222497984100515906079
72283055550704985348161451565201549348250359879570820676012669126417782873229
41508599938646535815543657189019187186526668719232075403257544198811710634707
29314977147740445122407380864922751162688128001625466492494398812558393052832
66106773959139081127301237626870083423171208436962226746962225606922270874087
13647879317550272024985341647233329406215999667831989787807715753529974074907
4593229434831673532292745765206635320798373832729511075937239184883013596964
24788910026954754395695852965281398804398598880412962476185178472718528052627
24507415345713468863396948224610819419107277966439732112304764080673825816842
33040623429864226152880104934187573316866139457234287728690999329131791127660
64321830823444049509921830524592434333084362354615224993587577441472537437504
26928667231817033328754256294353493966035014333613823931134568563972915699958
61088722971409079875162165842267548906900721489210084568554976722526905589265
38957057403230809813567529510326893646950257636819009149983092279595720750040
28899377535343751356189786161967392290090390814967989250018873280580190564032
74959059972453850090523995466110486866558771092835912317179130188754764437154
45774645635457729830405653364936103147648841361211207430465775240483544397385
62653495617048891118644134827636394513878306926925375214235161724361036597629
2487654322477397373225626477143565158782500177634082617804369760938985103719
5462786080908310420403708804056959728481527785766251237619250087725150040364
77852746753926261848850006439625103511134600325349340319480890929025523849297
21764318389227624819626063934698671411446663970537852018974442788396891838505
61705599566737581469218205112977944718594885365119934892295947390093341094574
29967892665151269539700310944698825016327433359230313119838100874963086711501
77566925715735462191754161797421637561362938903030464780494091353337970911954
61374161976269134282956350187591744094005053008309693081693456429732707643518
24334645776453801050283123545663145569328485511851432581562401944041453700145
19903731784061080527810146332891672905454533967226216116488286860936898701450
89757102043171577825360924430889584063175909955565096884396966622861758053923
20145556838767697310558128441838210623093842352358219258694536839205709651855
14458453676037441187412592743002047524080855023904397836059726074935021182315
81540156086644009118763429529934480000350022029675641963879182067408548810669
59471389280997231026210444355199203702936085456086851654219205469170202821303
74257238079852404377539459309162553279248421432001808571614499401675555461839
19839235767770321426568238238964314793428451198796402324510498248028763282736
35520873713353707566519510861802871877440879568932444143548654810867135617490
7465178937552289908028563006848306737865460563362991101617457060378882646206
8347961874594017625943420953679630238692358364782198212295087170102847498990
55055853544837414701720592942849143454591559115927105500841625636170632865564
18842881215665092453906563833612475099055106812373984553022013312586071968104
55265666172697736253100335304373726400014512866689947882787119362679324103683
16352377370177176177405193826349345245393006199952091851666870428667989006727
88144717932010381566880788471214683417806371403832611951227611387118700704069
85467088055479113088909176661186722078886490886478028830414850488176265359916
46795531577510469632016647413394025603158361518027636724083830055741677728393
10980853557685883603901303763760060634697147386271398331691673584909278352273
76211517006172679371951743363049703625951395771424946284081627927276392372867
76627098630447871398457061115553003779487523728121608543370830916831887548658
71084840933564470122566741534190081654324455332849912182886249905645417703162
398180081680413412465664184742713836698936549516750964488523085650216500747
47896745667823202208464772913040690451969497458437912453630534307136785140016
61195088514546105211739492385631577227510862410638586211403417826620877267273
9732709270066988100288863849989016517327788619711107965638558285150309617157
58519128720946918906076407468680173022934277973944260440656588778021077138848
76716097672001186955885141657853943615146182351057425978398842583447380752511
12999987874599809333716020090995923688417856054401023142003898374090514721256
2084349525216917553618692688613396535553942804612874268456309474342580551951
85815637739150230659017252049308170441720992048184403241875939232028023000808
42981385757312895900181927744534512379486771622972638048555903783221962329758
78034244480615350824961733990022113529599491802261227065964793244714944439683
25994043932088415272937058583839266888549490189584883989261098290917625443765
37384477664508296358081295022741628288773643084737173979853359533222003986846
56442971247549634894911061203254232220947219654819073445599246766307877770792
37979270188205358140693920972414973807807770829641276499553643551620300776097
28880012097795209725393597209436790731629637037925985894871941445290864313885
78550983015935474499527502320243934177954503939024073765155127113123811062696
28633932062288702861378707548254174742870474057633792849406278658310703426928
17116372769379352916813749392383742473613761130254743360835827962052129386316
28471447918260520436023208781074341870017344033183372226468847176893132934239
84697579317534531151781371313748946405123767244637466649054062264704953415392
27831749929299521014328524745235114501832355583746136409917363286238744562343
5802000597053921303858089931063518983656592282419762841179135962579944581890
45318041964189335624903451943582877387817475015700436168059185224032100294361
44678112541599934144205826154597893233596235525696077150170444629182661205197
11219059455785568228380257403256759825242393738264987273842978102073976288837
86542599460390686548498467391873924296223813546474750230205986889346510234364
57069972641837474251450116742733110465543026407037730924868700142929660327915
20021684027916963148457770864739725333756691500852419057376074449575076485569
77856359454747748040310459834113790201456570937757626398884344812761885533085
44435370810557099728405332600695258632529295755497543063223774329878383676379
612325364601577835388469871108495324017086795722613534987588068926604186033
81668591069443786122132270647793060231696103087300138928036746774867765945795
62383842006362414476537113616318682148915624496727211036263982862921138499601
33819685165119706890949363504437810337169149299200927270616516740942925522571
84712016344297597940968310888214011694715470901304448150315126347423821901326
20460856051164501389783075442161645161554871447777196830238333679520991566398
43770509239557715628225474509501026994418117826603294900227528652887435033467
81134938088844896521597316059955119293030635783868718899450130492067112249937
20961482917744639037480736517654155026693319264322560330284106080043718671680
52725386018060627000593455180263125962780144195805212446628051482600583690211
1758892502317860123720622698228456630730270449567032022017089355465921739204
69800646421394552810786043617339659709211914339972105186396643443020035185530
64410019251212706849209618780313316607341838497350637508914861974786431907258
56051594375415713335093327661431883147546263568218725149283476310211415757950
23328986722196170897260749964909424942412986569067405963049113094751875240967
63627392561661935090657298523562275495706139282690351561512278182403293435115
74998306195331927816750039539404448332186189092864654181690012350940065325471
47288397695012211946033117393490057272761545177978757043168401002061761124294
42628892489893910096337257837422249957013771596688251701083049144816306364331
8414704286739627731405345993705602981050260155705905115539048422242358123135
8584694279885474752234418685821266685380507352947926714680106448833505751888
25864614440058316618969218217449372082238467347381431346719454100911051152233
74214828370130618687183896538214151974616123492379135987094246124741631515235
54278641998273816122233668837323839574372491818739850468868836346604841798043
59401756094600814929404651138598964764521175162655966482765838874956692391397
41997931932139180407161241294426377552985065273947619478074331589925097423505
10427929448033522046429459309141276861418365570842084561267885350398548804655
74362966162524609804712800038982828311362346523607571199766931739670050990771
83436650883347547385678178708257870089000970790256266743191485241442601760409
17822471122246504649732737494661567094023256094138047783211324090372515902016
75896887046077063446949849141184814629599451615969199974380596607878067661371
90579590127417138109340807370158277331117023358804171730289788315692314939293
57290262840392466501729002273465728924774654848530291617476797247282340751138
41473646670362773143026022385653703821334034897161481488021763418437379088831
38352128931203676987741635144930031069093095198890001378467328358504020810050
114851263597173988411802931600811929374285302654774060830630755835807943963
1917912414562652471931604966713910314388250600860665090939211092268403111158
1357053590370867873134047972892524016361096346530956473046611157761463002043
62995380312330673069630163581719006122759176105572659197335196239289101057013
38528260592418873031325530148067550988536007932616677877196205499981005047834
37736348060339269539932712269378433781354024892366873188921479595281432883415
61167092716390026264471925389355902314686307632367352963404899725037482765028
51968186546830972167422931050920423539534139661192787460132282635446455416468
87617996062380716600450255986809816754248846179347314467042106725020664272199
29957431033900543475905098273535992106672672931293791264624337417458214327191
19717297001578942082744727493555768812195984826237794619752481832313213361419
34470007301917668551193574732897874366463272784577888391301882052314455714886
74386966160452665479328051984392790840845767638436278065254656012151470473136
85735814977399661635654608993611751999221158295247423179690180370967190037521
37695641454852732127349364229533062000668107163771560964227898769019217806179
16765555023922418513191954221737688330005660499936217010007248280572695549815
22481059631739160756977586429052187876364527509785186892835614995365719390513
35653666924532953209341939187012105401633485565043641258399783418140362195038
4891809148466311686016757190424931942839276518316219286543260850860720417437
54593136678296632072070666708557011848829995032552018180073758794986542808369
37619764450992668187082591116638579945859200386317347297703132816962762172744
21933080541137569988222513482608670634462282011986625868783933984323661738015
39721677116714106832078698131352470793907416265380083103994812719664762987426
14488451328604586509373224518784090921540454400617672141109628057084293853618
48955576102344919697747948042230172838242110588321166126406696759615334112269
63520180502625183974813623971735664133431588465860101585736480808374319062237
84497342505789476092562851379087645519130251521700275841858001748003182451674
80715466837423859549808030846356170297248934242322790962558141280155936362965
39602495253896018265081633029392176524994634516868317371203646176401392896707
83942827790048769062647957598468795132984663571311458102914708773258719359957
12731831247933327582217580782389317901273015360506973694181785967751474645482
82933618942067534119500477104578439992632612704184761384054304018749006165855
4201816615865216270631846580667023039494709455690778074993608652050437971268
37972353779846686691066771506202769190282763742483657387849590615641807478170
17760862008451140512998131582567244649693325164186541656670471230508435897597
72994185106815438323585497078374692724470468776163391519106857550242332837414
78175662737110597251584665539156105043582308496534118574112253134589286857778
34234782116860797981343653089818070231705367893757547540586179627035301519976
74926616683268032421075528972939449255188602924143888470655887368874968807156
4370561141636509495136042316425666670582364602723839612934368262795783655573
17208704102984633327650842880409389855982580548657643479932837268799838419792
85637136643583690675160164873757660749491094902609945250426881012084456987395
14822404245632523031989811365714468682244852902680912423866651721898985018429
58027039150100810409614656987687154449935470413938437642557322676307012559027
34550591637543475837534043764369818399886619617619706814039116100609710180769
58443653887062237974369840496620726903833555707268803732050270711052688707799
46829458244341297816464101691961125891945697852460834613618973776695279623063
28881116678284119429054057130665884546119710537499750753305162875483152024204
62191253711792958409813662058745405241473780129984178107591876681818229005322
45638332556294382108933910220592587486167186108939561521240210808315159457058
22869259854653938017605974211442984605940908505957775173971077026377560890674
11892576985006312372612546452698795866900696703802450180995287043752354679945
41749585684144694732861612762138206737684572112711860685390373020094924507949
28900021981576610347043744476591778174080109398006165511767052208302466964546
17500573337965103835624239568135918727575143667696361524476565685620200270600
70246306921579947552417748145149307137938596304214815459050589652797419622829
24990148320548193266107748061272356032389635616563517448125948750091384711204
43454567520283355181740981751284151645668891427758652696008509326105629847006
51687521319294038701297944594001257615387325489515777393414900140288907521443
72205622046166023209948783561381788922803952478709777551314821756096429400257
55501156339939736543005550657847406737985155370434869296364012251733303680650
12704584233804448046855382100354942863319532788751328360055548455111605505861
73504383110641930680109124436626809842008335738889758851825911071123608627878
51571826363640965848374762677158744043640903033913942972077147627802495814979
48707195870304900148687598990645894465687853593303880844112691961478103695598
60106347474759682238563374463100183521149528815463468950949487230400748631045
32895958354054719963347840176442102035486821786274636911218611395613853590335
19872310106605961777177045762562347738372004782697058436946653991848020781755
24733441498601707277145355249205627663338480171295938183087904964733718948221
17811600362211384446234603469836878069915343242077538805784658551457804067506
760692021868800973825779126244341193345042963797948072001176765419468797314
89261834871268715030857145055569268001892380934157866207931180005594701177087
80765345811048527032651250303297844858099298532313163101814574106328498016724
46416000949119697244767248149700772667696777845495935719681468598357341654305
23855166056145650648798786487992913274865100539236246559878605852583291126847
20392455671870150809289114746657038190085742073857259112201492716203087754862
19107719817310879011188985888466978039111010871893500699009016853660798630066
44641606278959946731805237311794228844219174571362029456926925656972714393151
74633129999674621177743910774008156750983149618464825203751101653091153772707
72431862270942654889915960164513700676743190710677274164974630523681885008939
41299740518385538973192455747617028313248370080020377077312442606890842577121
63825280458021941395689628573700181367626248667316391866183113846843522510316
36168240501138550128734785784378811500844475855856883766791330006324892362294
89044162320423730819588432029908747808555982993133993799804988267543363668432
46229894010670747217283167687821105288566188111231940922344610346763939352239
58049560827278091636731237500708714318715771873282093817020106575164791295213
22246885543699861158438803891116892142617905754412183117276702315127894668854
31376631170083951494063599835665742864874664223377681839305301601926783193051
87827108901134487722529606429429308415471727687248794854500871971167206769935
57732829038755347402656145332142460530243277222753274801227580756688199198393
2444148151647949861623216223115702723644918786453987829349034402283978106164
32050758420106952787435932216363725019199258338425055713471878524325773691060
57129568452521080622256004045694544185243569018655994136757321890796214836267
7460700463714252652107618319116541846595963266018845473950210946361074291142
90850629263022169189607816553241351979896572097560893442478718817948507712369
64513305923061712933151306440056409757588600364054874707493766002944422969829
5907119088576330577040861113697055240390130352206622717456407334273663395649
80058532545655459961204952687311387911191898701648534659796767102556638835609
90424669408133738542865086441211467599217207242633210249135996149630150826916
47120860835446732731969838304599385255184465777748584771434491934910881722257
12282963863750117225917088755483887673539524123925302380273804546238775723589
35310617768483216636221457513853522543392367368010230642539840018314186760881
82817579080073690148213240530502845106258205960408874199678172540767346725074
30911880231082305092274390465585625475996389391530883425657466500372912168015
86741563527365800574054707611843277755442605266929939437496259911397062722305
16061264256434057527187874046979550529184907593159172140337829985905951768545
18484332570768857648604599234485369240713765372164564789432758458023222749301
52656135712392219891567963583978674439489629224528201911206640183932447057562
79711966239534143282746121498507600588942327230705594274574115858330203826797
58016422456791076228388865355763361269920941588004125644633024505437131753957
4954842488983579040064446502913217698298742764439576643433099720600215781226
3682034421013252688166446219156057660636899860376294100508056323291821218052
89965224971255720564440723353180284033484232400673507813676163110169782582179
89813580919481053795074945626319591651125640942597667612353877376041026283723
54814997017725280717545638755418863636553153265149542516780027678556883332678
24589299779655503480395272745321191389167138387019810092720555202817651550271
8576108403365050279678907867131982061947092338835460362837786447571642613768
43143386973512477603579826646423167556731286377015597756285601196546165654574
72660503880298804042688082744060713524795967672340280010820083418832201133920
85168142326423317875252151441286643666840095508915974981046069453821825116889
83219280417707477243093303509742371946714269995685477309238371935705908252069
51476507673482293933145761380698497172293081933134502727104145953402578248695
35902527184805804563744040790869406795830987531148855599739443337214615417946
39132816045377028492052513708471861301673278271503276656870766539200450887849
46350171923137106931801219863822354178070658867113454740008304270575193146400
87819894722421674337411938870386219831243936488123866509538505453303615915335
78493825564731673485498028827723392220654667448897519412023862080494021628071
57700913273961530946878421188031075777047364203370831901571804891854662647428
32977963483633165387407690889324736568655947635795634266876899484990469574306
35661491569258630620629249069845914792898722257480157034406933041193352696626
23382029126479923386556121108285500556476409523707113380850341968764848931391
46291855458807245928212934535248729101854372843482134894394587636389444536182
90569084911487427273352055230954499248585075377621307334113088085416199186854
72815546041383207382438076628900506861775825724861776705408248220878242667699
59748390759529551087999082811169096696142844440171845350824579375316131653449
55167486910346570653046450630496394896621781141331442493070613711757724819051
2194596090881324161237567462657228200325287021405264944899079231505384256883
69751440638431365054910011827174786979720068453097977836723521076787008254703
84940221466112300450247990084599391741464394364267592986071938002500090221306
48086363028123674742168267610673034288850366319142766740504790977764669630235
90868158918122018420768197535133455550190818495027806423567310384767166925000
76710563626165143097973141832586161613296405215851063238689735098656085649365
46138568668851571543632975686106145175810566189419206101443146399045969816999
33981767169277543339855876482025873033827423797027952953603615991511130796453
72510921947663269769596253918722524867582943804015082257613398599185879068854
315158787773045477437197937248410607542657494318619850258750661918735196350
28739556026017856249844528374900489021933877537817676217742236598501965175076
56761343108135832732294208202965091749844272791932107854050113164148467099001
87658580010729250552923118577532924967103873117495938277993046552040188810073
70274636972963705841421658997324302037262311803482660858602326221103640486944
42470956761851141878030915546957227542632408423555600325086133667573069324090
80131260126579720447717339405391724002355102050411168894441688994795100696614
37453535407534613228633369746374400024294896600936047072762820552034910556788
46583545040666150613132440060237393726201385633316580036045046981264094176909
36317838050015751978981796241436339013681710539985362574104760392147185283051
43861403829137681899394618083716474583821617510517090284332545640539665495781
71331987558453578114615094190351788626968432428234868254262031979220746142213
80681937474110266819244025463030460821751602176145660259544826392777222465452
34825993124892960362705880440885808071460803961508713358665311040141034225762
73509302057963334470805062941719603527243633012681705648475561704896683931004
81987236338014484553274739343468690170856852748120181818907826392722114678808
50437807265793671751255522792988762631747814318904435241877642914823423216366
21750128438436686622822552885184199559270001218807248565168120736867049687472
87654985136833961178671553839251636035293860339448353902577042663153284271067
2616027044120338512994517562243054904389582877608221332689847821281842951266
88638370985762122254863345501104012810304774269160572074690037989574296815535
962475602436493562876736146086885381636176574175753365337463963149094280447
71654170222069079743071742077170579179641081863881722413211750531879475676668
51471048496199715364067068591217052022698524481510523898128561384624693035099
18225084883358172473933203222724636331853822880332143405174384451842801517647
26027975188559420180496804276181792914057969271505537779918789942933100891143
27209585755247440319084209334643354512062699138050977332038547417016083622357
58599718635835601074871262298634981919255580371715331765671844245483658602601
36552701919616040312744185547712724324488808685556033605522034849132160612801
78206002092921888027592006008862168508012623707776982816715876336520512198216
71850622745151353439430944504667225355658881086240618872235611979774781066986
15973427077376631854097479570787923881632720409423349104065896188015423735285
66786012920782796952702543129816592863825459348064897220771338630832002594723
27303185415101074680346368922494350075341004728004723809276838432876221194479
69699917977334231480251305445998689434975397161402422150603999684649743323932
460178437103899437650882657098652230847041620792018433887399126915662599346
19417183530382473838383787404925727268122524033832066879596652257776786349559
12643249514848182150115675149178521837832366570427537837880793527286047905769
10500909552660802905754711827701182955654788226803953360212939974856397119803
69934658343802851177031987437663094934936391504329011217852942803780788481299
51590564862425973904539927868083514954390074524663524348834744023219185783579
3000782722809862370830405158812848449494339160473223743009846833661614467476
58823006299302782539208185177314732895665543391086799838266316651009655635460
75031043042452817729350891569563781544565181133806174313559054747059385918978
71328533100175327360411855665904561390329120495060861108665714554725827866070
11663913881203542435623313839433234929772105205935802572631491738608900848120
7668674518701032079285083652376954264377467232327930443745740582636450492552
35703895854000828583246931263329073406828159425105435591352013589941980338259
17671827552102081429476143609161243217306773814282630626960105711324474308561
24807242566014435813656780240560486249125941470495524834140194624708750415254
53762897410819850712639408837178181865450472052944233849447156652224434443048
34787597477381046938958429311721095779486176235469999887623117346196817478154
1660855366763873048714908797396725366439946257293933816350042152658497975551
285802187030737034709801198898458378918777255232751240985249927373638543583
88593227233340332580560479903427408321614429764710715550447741291743987784695
48815840401360739051135534771647522581032824543431276223644612336513861240145
60036973107883649719996936488136616668315853086390623526028772496859464313410
76902799622769576144237258365771402562245773296571628819724451130097485695323
4711504505302731130543935258807402610484262905236872754397307299108142522060
54030546515345109566628760355974006572260801637179896917302333469631213611214
17363020782298717045767785619624400318556069857610099200996312455349162538648
74554583272588900865495470136408085953527871274986312472735668909956799687397
13726812613350240410489691051727354716339616840566173710407864332252533474631
80045392070013055229567420479302516139649880833547350186329583185140865434082
87399264761147900940026984967268592760106915000806291425290711042849671435502
53749362100781504444276144924922299140997060767997039281863419347038771278381
42965358652682092897906239622370175276053597624362601084165386469593559124709
39397932071116434184103933494405753660544247505462460498801581453307212100749
38845967232398630823159925155941337760650955572754729291439674865583161993186
43921167137020452907189352983852135438408789492346223410931276616076826381067
80161969627997997789301516581886158901262507782083903597160722999705973658535
24716852879062184178229479279723752691849813873409297105915740437817055330474
71837030609435179511200830972039886795472970181258992820034535706188152714007
18268282081145476591939564541243738598078316124870020216565234485982887925948
78406656807202308940180129343751105414232169204161529579375050245403722644748
2893801681409978042944496940000253074682756505795112296544722763116909211438
76053767111609441345059518031899351162696513456227803874095589926430843737304
44777791136380969116473152822933685100276588385822134592754840354738176463211
24704355487581334063221804191282416311696633336858190319672969635642441741118
25296295122122342451081735932983048010973374733923448643589706228566926729342
86109352155836586643232809774781008608757681861590511408899760169455449526254
73397216249857495128016624435508519156514685809725036706853184437282105234756
1324602719761324681084502301668055496499015108593910452495975953156530037229
60053464608637315358216053728399917541518226170032347267032061278235549639845
29279666192747749690705129306994143905023041368008237050308822143400584034563
66322181023859069843364571322433154423724757925705429206886099859942762831545
1889946094118613559188444138161979800108800911264580075278730602452021897400
33361619777637485886025766730929625920838352172639126016144676585191073138647
26767542812520690185612791617122454093740344703868581275650910680492709809083
49557909278350297623884167370400435603935887460562858988132040342075730129821
7843807815710052008207929141199703958441967304801687127152752361765168297599
27851797942018199557895604630589459171093250254780969370985300207684807780457
69989866480142343391519234074599901475613127887121232182850439560430923792363
47151643449549331056193644510472820939674000807327590544950963028970440905475
53370361157864157436591529198774213296503036647961334748400158680125825226373
584429186174880824431743951343838196381316893420878074886005580901143684415
81723113916372156010312343466154128566704465812120975529856204961792929022747
80556481048224565848122612994361326186578408888637870441721056360914736787706
3854733382826022192765001168875529647551595239107271932292962989697000735113
6406145964509042864579472206143084014755416896989078916081658049351276761700
90124328701545432301394103949533614350088123229015080981781712496377330381698
47238095802461465292670085817304349185284165136503676765021471118727210511003
64195326891924346195774157320008542900073976877707248005514759710221541378881
49550425411367334188291660660453130814860304270453110527448241015750525488567
20752581081405633635668939671759096257807058472889290995505407502290478128027
32546371809850800976930447560310916703621416357184188174893139227168544897144
13847146528724733016769346956401258540010602716527359062130606665853106651786
68711010752417019769740664332857982301624905989232423476521088053950743269038
63432292768926301523373521342321741040182075014835952068594126228637293635499
18382456877563470428287282396399935369342115112503895600522596570931672229776
306105294490591860312518147337375266812207432803488842256145783960516236310
5581217114455263824109369262316848158699848554396957403051387206799892861441
22781311950071343365103255030887208624058235623135556685813217613633415167581
85795621947591932145297345441686020562168521176566568486918089623431564378522
85660365569192040095150369429790305777619766202478305650674605812729658066468
