3
108995468098207703314155783798704451789875962968364233803777888526550843062377

100799832761793596988789208679267481583685445386717708033651617105118451130941
91393365869257595988526735505314111177663357526189207178140700192730804796545

63712973049318937080982581002648912852361016332472090461897413764467612821231
22875173656555899384953050049245249837913377529772650457672753348951191120741

73098248455088339995996505042947506682571429184201791994028993678394083887139
26746028535512262027026613929054175486924647374050844543783990409647023661459

